1.000000000000000000e+01 1.000000000000000000e+02 1.000000000000000000e+03 1.000000000000000000e+04 1.000000000000000000e+05
2.422949792429105909e+00 2.503617618523086286e+00 2.513923511662311761e+00 2.514983547954332099e+00 2.515089855528199969e+00
1.245196269231005104e+01 1.337939809204741159e+01 1.357388409584232392e+01 1.359560973984534904e+01 1.359780803166494323e+01
2.037097464941928493e+01 2.037156120704293016e+01 2.037173537321976369e+01 2.037175628243180725e+01 2.037175841536004128e+01
2.048921816315562694e+01 2.048942284804575209e+01 2.048948505930774289e+01 2.048949257312619565e+01 2.048949334015063428e+01
2.081527581697018547e+01 2.081530047403076011e+01 2.081530800972146267e+01 2.081530892119116061e+01 2.081530901425165325e+01
2.089338130385446846e+01 2.089338437387176128e+01 2.089338531423500100e+01 2.089338542804236454e+01 2.089338543966282202e+01
2.094423862833896877e+01 2.094424509595527084e+01 2.094424707984982703e+01 2.094424732004052814e+01 2.094424734456666570e+01
2.099313817151445249e+01 2.099314078605853950e+01 2.099314158916108042e+01 2.099314168642835554e+01 2.099314169636084060e+01
2.106025739693053112e+01 2.106027329767176681e+01 2.106027819093131015e+01 2.106027878386553098e+01 2.106027884441683540e+01
2.119848037829276777e+01 2.119853502160924208e+01 2.119855190070008888e+01 2.119855394803278870e+01 2.119855415713413294e+01
2.144426432990095321e+01 2.144472119833481472e+01 2.144486416098191839e+01 2.144488156135747303e+01 2.144488333925101742e+01
2.211742376139837063e+01 2.211791950877039525e+01 2.211807683424502358e+01 2.211809605527453115e+01 2.211809802008387749e+01
2.300672651104367361e+01 2.301051064904099874e+01 2.301175301325908862e+01 2.301190622305602318e+01 2.301192190212468347e+01
2.585920532828096086e+01 2.588928652718658796e+01 2.590002802192048392e+01 2.590138525750402110e+01 2.590152456778357148e+01
3.116848803894855280e+01 3.122076231530621016e+01 3.124194878839653100e+01 3.124473429867391516e+01 3.124502164917799618e+01
1.333597592168028143e+02 1.814617013516182737e+02 2.975585455504028687e+02 3.712624154238453116e+02 3.844249629357283879e+02
