1.000000000000000000e+01 1.000000000000000000e+02 1.000000000000000000e+03 1.000000000000000000e+04 1.000000000000000000e+05
2.422962128099330315e+00 2.503631128504232972e+00 2.513937186602737128e+00 2.514997240066040085e+00 2.515103549364079427e+00
1.247020343403867138e+01 1.340325082047732330e+01 1.359915843167203064e+01 1.362104923810364987e+01 1.362326431574562235e+01
2.049693297751565524e+01 2.049757391509123750e+01 2.049776478881927133e+01 2.049778772116544445e+01 2.049779006068072462e+01
2.063196298451047284e+01 2.063235459389342097e+01 2.063247444585007528e+01 2.063248894777168019e+01 2.063249042847423453e+01
2.108312638148789020e+01 2.108317343743341965e+01 2.108318794942974250e+01 2.108318970889851585e+01 2.108318988859016940e+01
2.119119151550142988e+01 2.119119736782964836e+01 2.119119917827797650e+01 2.119119939796085461e+01 2.119119942039891669e+01
2.126154421655064297e+01 2.126155653692206116e+01 2.126156035580782699e+01 2.126156081944004228e+01 2.126156086679760193e+01
2.132919370747225329e+01 2.132919868457922519e+01 2.132920023025648604e+01 2.132920041800471012e+01 2.132920043718334213e+01
2.142203584256809279e+01 2.142206608374121046e+01 2.142207549942236966e+01 2.142207664389257715e+01 2.142207676081072165e+01
2.161322378811940581e+01 2.161332751984458511e+01 2.161335998453907337e+01 2.161336393605555983e+01 2.161336433980585525e+01
2.195301930530209233e+01 2.195387892316444223e+01 2.195415276267795335e+01 2.195418625330074391e+01 2.195418967720048542e+01
2.288493262350655399e+01 2.288585822761836397e+01 2.288615878375654944e+01 2.288619573442325361e+01 2.288619951443653378e+01
2.411374942745533545e+01 2.412068070978140355e+01 2.412303621845342505e+01 2.412332955046534977e+01 2.412335960492221787e+01
2.800990013200573259e+01 2.806044015867485086e+01 2.807957490959547187e+01 2.808203636839430217e+01 2.808228958580695434e+01
3.498322097205203818e+01 3.505998661302113817e+01 3.509386263297989217e+01 3.509844722064502776e+01 3.509892194845121338e+01
1.555586863602761696e+02 2.077857720370117249e+02 3.440674439492333363e+02 4.405439008134186452e+02 4.590869565482400958e+02
