1.000000000000000000e+01 1.000000000000000000e+02 1.000000000000000000e+03 1.000000000000000000e+04 1.000000000000000000e+05
2.422313622856667958e+00 2.503012921109895483e+00 2.513322969775688698e+00 2.514383434838288522e+00 2.514489785425526147e+00
1.243834656635143432e+01 1.336210062546449073e+01 1.355572052968158125e+01 1.357734745414169275e+01 1.357953573536124381e+01
2.066256119725733598e+01 2.066336685014786312e+01 2.066360607214095424e+01 2.066363479151392823e+01 2.066363772114897301e+01
2.083683383222587793e+01 2.083713326648490138e+01 2.083722421962824356e+01 2.083723520310458710e+01 2.083723632429678219e+01
2.121153157550878632e+01 2.121155401812939090e+01 2.121156087704298088e+01 2.121156170665396345e+01 2.121156179135674336e+01
2.128262244235562406e+01 2.128262523665599559e+01 2.128262609256562143e+01 2.128262619615197693e+01 2.128262620672882477e+01
2.132891229249728227e+01 2.132891817925974820e+01 2.132891998498159580e+01 2.132892020360087670e+01 2.132892022592434245e+01
2.137342018882356953e+01 2.137342256855658817e+01 2.137342329953281705e+01 2.137342338806456254e+01 2.137342339710501093e+01
2.143451146559887022e+01 2.143452593830140884e+01 2.143453039209942190e+01 2.143453093178247215e+01 2.143453098689569458e+01
2.156032070071386286e+01 2.156037043653770624e+01 2.156038579972467062e+01 2.156038766318731348e+01 2.156038785350935072e+01
2.178877332893932106e+01 2.178921929256877732e+01 2.178935885547522489e+01 2.178937584246623871e+01 2.178937757812692766e+01
2.245885578097748336e+01 2.245935339261017560e+01 2.245951130970812315e+01 2.245953060301838988e+01 2.245953257521643565e+01
2.335238984808995610e+01 2.335620258488346579e+01 2.335745437876541786e+01 2.335760875282100457e+01 2.335762455105379587e+01
2.624009328288608955e+01 2.627060220584052175e+01 2.628149658050810444e+01 2.628287313855945939e+01 2.628301443221697653e+01
3.162964521323874934e+01 3.168273389295844922e+01 3.170425046336994512e+01 3.170707937453227387e+01 3.170737120224295325e+01
1.353956254307169047e+02 1.842361371729325867e+02 3.021123985762143889e+02 3.769440448396056809e+02 3.903078304452552629e+02
