1.000000000000000000e+01 1.000000000000000000e+02 1.000000000000000000e+03 1.000000000000000000e+04 1.000000000000000000e+05
2.422919977764731225e+00 2.503584964356221132e+00 2.513890458622859203e+00 2.514950453394615870e+00 2.515056756799435966e+00
1.243000356398734851e+01 1.335075240314163558e+01 1.354354875768557420e+01 1.356507821994745910e+01 1.356725657483278802e+01
2.022047897287625418e+01 2.022100339819786541e+01 2.022115856763145558e+01 2.022117717939156734e+01 2.022117907775625767e+01
2.031882017954274033e+01 2.031888102879990043e+01 2.031889937073660235e+01 2.031890158128899060e+01 2.031890180688854741e+01
2.049773526999808837e+01 2.049774261884751070e+01 2.049774484065583380e+01 2.049774510863383270e+01 2.049774513598505976e+01
2.054059287639313780e+01 2.054059379261064322e+01 2.054059406995101256e+01 2.054059410341234582e+01 2.054059410682770448e+01
2.056850493669754343e+01 2.056850686853622179e+01 2.056850745375939482e+01 2.056850752438118590e+01 2.056850753158966683e+01
2.059534009646506192e+01 2.059534087805702285e+01 2.059534111500706999e+01 2.059534114360661405e+01 2.059534114652587533e+01
2.063218016245595976e+01 2.063218492107403179e+01 2.063218636516790738e+01 2.063218653951391701e+01 2.063218655731063578e+01
2.070805113338164105e+01 2.070806752304319787e+01 2.070807250697502866e+01 2.070807310900825371e+01 2.070807317046586249e+01
2.084424886358682016e+01 2.084439676170125466e+01 2.084444206672532118e+01 2.084444754986472859e+01 2.084444810973027984e+01
2.122793944578901559e+01 2.122810558376898626e+01 2.122815688896341868e+01 2.122816311152939051e+01 2.122816374705660891e+01
2.173916958621273565e+01 2.174049603624314742e+01 2.174091406193817733e+01 2.174096503851200879e+01 2.174097024826937030e+01
2.342925200689943921e+01 2.344116702192495083e+01 2.344512727185132306e+01 2.344561735588558449e+01 2.344566753095489631e+01
2.672914206150668193e+01 2.675413356175446111e+01 2.676320401726444587e+01 2.676435572227886084e+01 2.676447400813019684e+01
1.053314379576091397e+02 1.467192151227568502e+02 2.347707653608553073e+02 2.817517249442415732e+02 2.893010100709603876e+02
