1.000000000000000000e+01 1.000000000000000000e+02 1.000000000000000000e+03 1.000000000000000000e+04 1.000000000000000000e+05
2.422971588044220859e+00 2.503641488794993819e+00 2.513947673368272184e+00 2.515007739996848901e+00 2.515114050616816144e+00
1.248786341861869076e+01 1.342637455882502628e+01 1.362366927595778421e+01 1.364572132499434609e+01 1.364795279113223003e+01
2.061920250467196780e+01 2.061989819430568360e+01 2.062010596378704008e+01 2.062013094437549299e+01 2.062013349306979748e+01
2.077067010747618170e+01 2.077130263411912026e+01 2.077149752489488677e+01 2.077152114825167217e+01 2.077152356079747975e+01
2.134529743912933242e+01 2.134537324976105310e+01 2.134539683599806281e+01 2.134539970232132333e+01 2.134539999513556197e+01
2.148292078491812873e+01 2.148293020322842040e+01 2.148293314498036821e+01 2.148293350285150183e+01 2.148293353941499007e+01
2.157250117559825142e+01 2.157252098946300833e+01 2.157252719365880367e+01 2.157252794891725856e+01 2.157252802608779163e+01
2.165864577734409480e+01 2.165865377629673461e+01 2.165865628701907752e+01 2.165865659285584854e+01 2.165865662410794812e+01
2.177685443887714456e+01 2.177690299768314830e+01 2.177691828879443747e+01 2.177692015305807871e+01 2.177692034357873041e+01
2.202026960398179867e+01 2.202043586937154629e+01 2.202048856943048349e+01 2.202049500585006214e+01 2.202049566376652834e+01
2.245257526684713056e+01 2.245394089387925618e+01 2.245438348403777695e+01 2.245443786827050658e+01 2.245444343137162235e+01
2.363871514871562241e+01 2.364017460478738997e+01 2.364065904923614880e+01 2.364071897242572362e+01 2.364072510703976349e+01
2.519677890843669843e+01 2.520735734796513583e+01 2.521106962252956052e+01 2.521153624401886262e+01 2.521158410829376351e+01
3.002420158864185140e+01 3.009503666656978282e+01 3.012326784365832566e+01 3.012695948537253443e+01 3.012734004750563699e+01
3.843007964273128607e+01 3.852823518334917452e+01 3.857471812070031092e+01 3.858117070688435035e+01 3.858184113450598574e+01
1.746884565656224595e+02 2.298663188322751409e+02 3.822844967294739718e+02 4.991549705884390278e+02 5.229479855682532161e+02
