1.000000000000000000e+01 1.000000000000000000e+02 1.000000000000000000e+03 1.000000000000000000e+04 1.000000000000000000e+05
2.422335104105130199e+00 2.503036488839135210e+00 2.513346830573353508e+00 2.514407326142039434e+00 2.514513679792389489e+00
1.244725879570485105e+01 1.337596345350688587e+01 1.357096234972281401e+01 1.359275259540441105e+01 1.359495751117894002e+01
2.088678761457633115e+01 2.088778523670500675e+01 2.088808317909509071e+01 2.088811900137363864e+01 2.088812265621294983e+01
2.112252403103768472e+01 2.112346299711974851e+01 2.112375199261311565e+01 2.112378701272060511e+01 2.112379058904319251e+01
2.179230771413162060e+01 2.179237768859851343e+01 2.179239945908538800e+01 2.179240210474913297e+01 2.179240237502154187e+01
2.191933633842056395e+01 2.191934503167675885e+01 2.191934774696245469e+01 2.191934807728343060e+01 2.191934811103214997e+01
2.200202052057109725e+01 2.200203880909597132e+01 2.200204453567129903e+01 2.200204523278732438e+01 2.200204530401702030e+01
2.208153341271142978e+01 2.208154079587699670e+01 2.208154311331525221e+01 2.208154339560765678e+01 2.208154342445385510e+01
2.219064196233661690e+01 2.219068678291768748e+01 2.219070089686627512e+01 2.219070261761247309e+01 2.219070279346617625e+01
2.241531818552454780e+01 2.241547165122911878e+01 2.241552029425512771e+01 2.241552623517683429e+01 2.241552684244461702e+01
2.282201353817042744e+01 2.282335704139048360e+01 2.282379252333452513e+01 2.282384603620485919e+01 2.282385151019763470e+01
2.401018859003388783e+01 2.401166180013333573e+01 2.401215081002430907e+01 2.401221129793467668e+01 2.401221749036180242e+01
2.558360636841331370e+01 2.559430192563166884e+01 2.559805538739189501e+01 2.559852718918363479e+01 2.559857558487479068e+01
3.047476361947597212e+01 3.054659163662402577e+01 3.057521879147476440e+01 3.057896222315924106e+01 3.057934812432243987e+01
3.900193134102288184e+01 3.910152696431476471e+01 3.914869193273668913e+01 3.915523919898362948e+01 3.915591946396459377e+01
1.772794199164177371e+02 2.332753409189181752e+02 3.879512950623847019e+02 5.065507568147912707e+02 5.306954615019465109e+02
