1.000000000000000000e+01 1.000000000000000000e+02 1.000000000000000000e+03 1.000000000000000000e+04 1.000000000000000000e+05
1.893530707082741849e+00 2.019334100380660413e+00 2.037427861669643292e+00 2.039323329021993203e+00 2.039513787313536053e+00
3.861643104701577567e+00 3.949599671960009051e+00 3.968897054831967086e+00 3.971072341535311967e+00 3.971292664358805791e+00
3.858062010672270947e+00 3.858063097043477718e+00 3.858063247424375675e+00 3.858063263042332824e+00 3.858063264610149812e+00
3.897293052539009039e+00 3.897293052685525616e+00 3.897293052705810723e+00 3.897293052707917482e+00 3.897293052708127981e+00
3.899470520705517806e+00 3.899470520705980991e+00 3.899470520706044496e+00 3.899470520706050713e+00 3.899470520706051602e+00
3.899655562652653007e+00 3.899655562652710294e+00 3.899655562652718288e+00 3.899655562652719620e+00 3.899655562652719176e+00
3.899776105917774238e+00 3.899776105917891922e+00 3.899776105917911462e+00 3.899776105917914126e+00 3.899776105917912350e+00
3.899891986053755755e+00 3.899891986053805937e+00 3.899891986053810378e+00 3.899891986053812154e+00 3.899891986053812598e+00
3.900051101829967060e+00 3.900051101830267708e+00 3.900051101830307232e+00 3.900051101830314781e+00 3.900051101830313449e+00
3.900378815847004521e+00 3.900378815848043246e+00 3.900378815848187131e+00 3.900378815848202230e+00 3.900378815848202674e+00
3.900854381854471420e+00 3.900854381856014630e+00 3.900854381856227349e+00 3.900854381856251329e+00 3.900854381856253994e+00
3.901151012292102482e+00 3.901151012292200182e+00 3.901151012292211728e+00 3.901151012292216169e+00 3.901151012292219278e+00
3.901357381345315289e+00 3.901357381345711861e+00 3.901357381345768260e+00 3.901357381345774922e+00 3.901357381345776254e+00
3.963467394632687935e+00 3.963569501951368590e+00 3.963583697248016513e+00 3.963585172370735599e+00 3.963585320460916606e+00
4.054568989162724790e+00 4.054582331538198581e+00 4.054584198768290015e+00 4.054584392977598206e+00 4.054584412476427424e+00
1.190573269348757179e+01 1.682198728476051741e+01 1.888812712470842925e+01 1.917839305068282130e+01 1.920866584193553095e+01
