1.000000000000000000e+01 1.000000000000000000e+02 1.000000000000000000e+03 1.000000000000000000e+04 1.000000000000000000e+05
1.893617320481723931e+00 2.019412076077912843e+00 2.037503680814379603e+00 2.039398905914039606e+00 2.039589339687590375e+00
3.861841738988693429e+00 3.949715691580461208e+00 3.968982195576678862e+00 3.971153831009866852e+00 3.971373782252581197e+00
3.864172892535786552e+00 3.864174744186731569e+00 3.864175001244546159e+00 3.864175027951925578e+00 3.864175030633071994e+00
3.934832675719575956e+00 3.934832676013074515e+00 3.934832676053840128e+00 3.934832676058069634e+00 3.934832676058496848e+00
3.938812700023846425e+00 3.938812700024771463e+00 3.938812700024898028e+00 3.938812700024910907e+00 3.938812700024915792e+00
3.939150923770538881e+00 3.939150923770655677e+00 3.939150923770670332e+00 3.939150923770676549e+00 3.939150923770673440e+00
3.939371255405534011e+00 3.939371255405780037e+00 3.939371255405808459e+00 3.939371255405813788e+00 3.939371255405818673e+00
3.939583063670415886e+00 3.939583063670516694e+00 3.939583063670531793e+00 3.939583063670526464e+00 3.939583063670529572e+00
3.939873898990732481e+00 3.939873898991333334e+00 3.939873898991412382e+00 3.939873898991422152e+00 3.939873898991426149e+00
3.940472901888989465e+00 3.940472901891062030e+00 3.940472901891352020e+00 3.940472901891378221e+00 3.940472901891382662e+00
3.941342151911907621e+00 3.941342151914996261e+00 3.941342151915424807e+00 3.941342151915470549e+00 3.941342151915474989e+00
3.941884339559529771e+00 3.941884339559731831e+00 3.941884339559760697e+00 3.941884339559766026e+00 3.941884339559764250e+00
3.942261545460319816e+00 3.942261545461112515e+00 3.942261545461223538e+00 3.942261545461236416e+00 3.942261545461236860e+00
4.057488167194738260e+00 4.057837614374475876e+00 4.057886499381149648e+00 4.057891583618688180e+00 4.057892094078946243e+00
4.226938191959381363e+00 4.226983562552649509e+00 4.226989987356303935e+00 4.226990656670256641e+00 4.226990723881298706e+00
1.444926203066414594e+01 2.156714878924451284e+01 2.513684620751097043e+01 2.568469494661101038e+01 2.574264655387387890e+01
