1.000000000000000000e+01 1.000000000000000000e+02 1.000000000000000000e+03 1.000000000000000000e+04 1.000000000000000000e+05
1.893413107968890730e+00 2.019226003404496428e+00 2.037322393159542777e+00 2.039218158455434526e+00 2.039408646928392965e+00
3.861514488810890988e+00 3.949524061048113044e+00 3.968841615602255679e+00 3.971019301187926676e+00 3.971239868302699705e+00
3.854373265745778099e+00 3.854373944765133508e+00 3.854374038592268459e+00 3.854374048334459957e+00 3.854374049312417672e+00
3.874605875765566587e+00 3.874605875834615798e+00 3.874605875844165492e+00 3.874605875845150926e+00 3.874605875845255731e+00
3.875695646675253236e+00 3.875695646675473949e+00 3.875695646675499262e+00 3.875695646675501482e+00 3.875695646675503259e+00
3.875788255759071266e+00 3.875788255759099243e+00 3.875788255759103240e+00 3.875788255759101020e+00 3.875788255759103684e+00
3.875848584789963081e+00 3.875848584790020368e+00 3.875848584790027918e+00 3.875848584790031470e+00 3.875848584790031470e+00
3.875906580035873183e+00 3.875906580035892279e+00 3.875906580035897164e+00 3.875906580035900273e+00 3.875906580035899385e+00
3.875986213689146531e+00 3.875986213689290416e+00 3.875986213689309956e+00 3.875986213689310844e+00 3.875986213689315729e+00
3.876150226743217519e+00 3.876150226743708682e+00 3.876150226743777516e+00 3.876150226743785510e+00 3.876150226743786398e+00
3.876388236194256542e+00 3.876388236194984405e+00 3.876388236195082992e+00 3.876388236195092318e+00 3.876388236195093651e+00
3.876536692657679861e+00 3.876536692657726935e+00 3.876536692657730931e+00 3.876536692657732708e+00 3.876536692657733152e+00
3.876639975449752029e+00 3.876639975449940767e+00 3.876639975449966080e+00 3.876639975449967856e+00 3.876639975449973186e+00
3.910059951469431638e+00 3.910089599591391352e+00 3.910093706661462942e+00 3.910094133247553394e+00 3.910094176071152727e+00
3.959018941519043988e+00 3.959022829261265919e+00 3.959023369750735988e+00 3.959023425916402772e+00 3.959023431554973271e+00
1.004196785161505723e+01 1.341045488147737252e+01 1.461905190518080566e+01 1.477774326126342963e+01 1.479413143146606480e+01
