1.000000000000000000e+01 1.000000000000000000e+02 1.000000000000000000e+03 1.000000000000000000e+04 1.000000000000000000e+05
1.980967883482793734e+00 2.102313396797763190e+00 2.119811871612978571e+00 2.121645681277035678e+00 2.121829951534498715e+00
3.904395365818168262e+00 3.992235721650430946e+00 4.011461816775208966e+00 4.013628462310326661e+00 4.013847903687423724e+00
3.940902364965516824e+00 3.940902891194979940e+00 3.940902964237627426e+00 3.940902971826337531e+00 3.940902972588161024e+00
3.942694794565205552e+00 3.942694794565411165e+00 3.942694794565438698e+00 3.942694794565440475e+00 3.942694794565441807e+00
3.942697567470963893e+00 3.942697567470959452e+00 3.942697567470960784e+00 3.942697567470963005e+00 3.942697567470961673e+00
3.942697803113383248e+00 3.942697803113384136e+00 3.942697803113380584e+00 3.942697803113386357e+00 3.942697803113382360e+00
3.942697956619697131e+00 3.942697956619698907e+00 3.942697956619694910e+00 3.942697956619695798e+00 3.942697956619700239e+00
3.942698104187730035e+00 3.942698104187728703e+00 3.942698104187729591e+00 3.942698104187727814e+00 3.942698104187728259e+00
3.942698306814364173e+00 3.942698306814367726e+00 3.942698306814362841e+00 3.942698306814364173e+00 3.942698306814363729e+00
3.942698724143123279e+00 3.942698724143121947e+00 3.942698724143119282e+00 3.942698724143117506e+00 3.942698724143118838e+00
3.942699329754592252e+00 3.942699329754592696e+00 3.942699329754593141e+00 3.942699329754594473e+00 3.942699329754594917e+00
3.942699707499834449e+00 3.942699707499838446e+00 3.942699707499835338e+00 3.942699707499837114e+00 3.942699707499835782e+00
3.942699970301353662e+00 3.942699970301352330e+00 3.942699970301351442e+00 3.942699970301350998e+00 3.942699970301352330e+00
4.057504697120053017e+00 4.057853611454285137e+00 4.057902421930075221e+00 4.057907498416245318e+00 4.057908008098263686e+00
4.226702894116324494e+00 4.226748198005113366e+00 4.226754613362929902e+00 4.226755281692847532e+00 4.226755348805076196e+00
1.445340895357122513e+01 2.157480641877691951e+01 2.514552732676758851e+01 2.569350790998842982e+01 2.575147319794816170e+01
