1.000000000000000000e+01 1.000000000000000000e+02 1.000000000000000000e+03 1.000000000000000000e+04 1.000000000000000000e+05
1.893579582607292311e+00 2.019378259825893362e+00 2.037470825950484343e+00 2.039366158854015953e+00 2.039556603536271329e+00
3.861744604196803987e+00 3.949659003512217215e+00 3.968940601435783311e+00 3.971114020662723565e+00 3.971334153425909452e+00
3.861162359991257897e+00 3.861163820363341603e+00 3.861164022813075469e+00 3.861164043842844507e+00 3.861164045953974000e+00
3.916340323136294099e+00 3.916340323354488895e+00 3.916340323384746913e+00 3.916340323387890621e+00 3.916340323388205036e+00
3.919432257961436683e+00 3.919432257962124133e+00 3.919432257962219168e+00 3.919432257962228050e+00 3.919432257962225830e+00
3.919695011579221067e+00 3.919695011579303223e+00 3.919695011579315658e+00 3.919695011579316990e+00 3.919695011579316990e+00
3.919866179141463736e+00 3.919866179141646256e+00 3.919866179141674234e+00 3.919866179141676898e+00 3.919866179141673790e+00
3.920030725210221334e+00 3.920030725210294165e+00 3.920030725210303046e+00 3.920030725210306599e+00 3.920030725210302602e+00
3.920256664498501298e+00 3.920256664498946275e+00 3.920256664499009336e+00 3.920256664499012889e+00 3.920256664499015109e+00
3.920722007870029113e+00 3.920722007871568326e+00 3.920722007871784154e+00 3.920722007871807246e+00 3.920722007871810355e+00
3.921397296316065706e+00 3.921397296318364312e+00 3.921397296318688941e+00 3.921397296318720915e+00 3.921397296318721803e+00
3.921818502004023710e+00 3.921818502004175144e+00 3.921818502004193796e+00 3.921818502004197793e+00 3.921818502004192908e+00
3.922111539426937910e+00 3.922111539427532101e+00 3.922111539427616034e+00 3.922111539427627580e+00 3.922111539427625360e+00
4.011069282073750131e+00 4.011277937484496903e+00 4.011307037151856214e+00 4.011310062372099416e+00 4.011310366092748048e+00
4.141721656321612599e+00 4.141748833125870277e+00 4.141752659217047494e+00 4.141753057489117928e+00 4.141753097479422330e+00
1.329409588832826117e+01 1.941025592543113376e+01 2.225483273763698477e+01 2.267452334020278215e+01 2.271863090122887385e+01
