1.000000000000000000e+01 1.000000000000000000e+02 1.000000000000000000e+03 1.000000000000000000e+04 1.000000000000000000e+05
1.980929668090132045e+00 2.102279480835254066e+00 2.119778958553993675e+00 2.121612880175114846e+00 2.121797161756528105e+00
3.893890186682437804e+00 3.981777755645309558e+00 4.001028717244769162e+00 4.003198357734477852e+00 4.003418104430066293e+00
3.920770409971056747e+00 3.920770891056233776e+00 3.920770957738795026e+00 3.920770964665413860e+00 3.920770965360758531e+00
3.922482820147167093e+00 3.922482820147352722e+00 3.922482820147379368e+00 3.922482820147382920e+00 3.922482820147381588e+00
3.922485469300954986e+00 3.922485469300954986e+00 3.922485469300956318e+00 3.922485469300955430e+00 3.922485469300950545e+00
3.922485694426896874e+00 3.922485694426899094e+00 3.922485694426895542e+00 3.922485694426896874e+00 3.922485694426895542e+00
3.922485841082377966e+00 3.922485841082378411e+00 3.922485841082380631e+00 3.922485841082380631e+00 3.922485841082381075e+00
3.922485982064601195e+00 3.922485982064602528e+00 3.922485982064599419e+00 3.922485982064601195e+00 3.922485982064599419e+00
3.922486175648216555e+00 3.922486175648216555e+00 3.922486175648217444e+00 3.922486175648215223e+00 3.922486175648216555e+00
3.922486574352017197e+00 3.922486574352014088e+00 3.922486574352014532e+00 3.922486574352015420e+00 3.922486574352014088e+00
3.922487152935664856e+00 3.922487152935667076e+00 3.922487152935671517e+00 3.922487152935669741e+00 3.922487152935668853e+00
3.922487513822525251e+00 3.922487513822523475e+00 3.922487513822526140e+00 3.922487513822527472e+00 3.922487513822522587e+00
3.922487764895473017e+00 3.922487764895478346e+00 3.922487764895477458e+00 3.922487764895477902e+00 3.922487764895476570e+00
4.011108511667734078e+00 4.011316825133834918e+00 4.011345877117337366e+00 4.011348897380408118e+00 4.011349200603373966e+00
4.141551856026076450e+00 4.141578989785713816e+00 4.141582809816847011e+00 4.141583207458102933e+00 4.141583247385066002e+00
1.330147257010946227e+01 1.942255336401882104e+01 2.226883934932713061e+01 2.268876421848318614e+01 2.273289621307055697e+01
