1.000000000000000000e+01 1.000000000000000000e+02 1.000000000000000000e+03 1.000000000000000000e+04 1.000000000000000000e+05
7.085065351806627554e+00 7.100048937997289755e+00 7.102569375719482103e+00 7.102838776199699389e+00 7.102865901978477225e+00
1.208702980267442761e+01 1.237786837931587414e+01 1.243954683745114842e+01 1.244643310666605096e+01 1.244712980759929621e+01
3.036674578409782299e+01 3.794413747362729339e+01 4.793774843904628824e+01 5.191287104051937717e+01 5.249243837042230609e+01
3.446306837252163291e+01 3.742872535525256694e+01 3.966018543430822518e+01 4.007706661047295427e+01 4.012274448395058357e+01
7.766692292656010466e+01 8.209896023518105324e+01 8.612018409813140352e+01 8.689463948388967651e+01 8.697953972341953488e+01
1.447593557185382735e+02 1.447833852468679368e+02 1.448153376863131143e+02 1.448229582387592984e+02 1.448238272057557765e+02
1.156587343039190046e+02 1.160849649850474208e+02 1.165703548040034008e+02 1.166749164572141950e+02 1.166865967025262592e+02
9.127371542614292821e+01 9.133712246510063437e+01 9.139632950020751423e+01 9.140759879145426225e+01 9.140882844252988093e+01
7.895838316717954797e+01 7.900449544081976683e+01 7.904329263565816177e+01 7.905025867648438975e+01 7.905101111915791989e+01
7.837433289735251662e+01 7.843333478205627785e+01 7.848268808841208966e+01 7.849152298456273513e+01 7.849247682346268107e+01
1.187482544581466470e+02 1.211972608712475079e+02 1.243270689661673742e+02 1.250695051685495827e+02 1.251543121236128400e+02
2.290890451207527292e+02 2.294584919622790835e+02 2.301588932287911859e+02 2.303798089224934245e+02 2.304067677922355983e+02
2.380043916918374975e+02 2.380766049429973918e+02 2.382226931248355868e+02 2.382713745283638787e+02 2.382774034075625309e+02
3.285774884631856025e+02 3.302305881439382915e+02 3.344939770620109698e+02 3.363082787339330366e+02 3.365514460378049648e+02
5.287483680240774220e+02 5.296790271653138689e+02 5.329665224505160950e+02 5.349503116857750911e+02 5.352542355755516610e+02
2.747162834721505078e+03 2.843522333355880164e+03 3.547575885122791078e+03 5.918973811895400104e+03 8.380912267425568643e+03
