1.000000000000000000e+01 1.000000000000000000e+02 1.000000000000000000e+03 1.000000000000000000e+04 1.000000000000000000e+05
3.635324095605412253e+00 3.647988847709467297e+00 3.650116327029611973e+00 3.650343678732433705e+00 3.650366570146833745e+00
9.171537860014105092e+00 9.424475216022326407e+00 9.476849044688812285e+00 9.482667540497839553e+00 9.483255885370397209e+00
1.150464494220312162e+01 1.159975461819163201e+01 1.171987232322871186e+01 1.176452802353540328e+01 1.177080249595148231e+01
1.232939553349973849e+01 1.232750495629117005e+01 1.231843764913453931e+01 1.231652603941878965e+01 1.231631509005262792e+01
1.329192388570044869e+01 1.329629652749870772e+01 1.329942453159114812e+01 1.329993623692984706e+01 1.329999056422085246e+01
1.320497888385266272e+01 1.320508537508576019e+01 1.320522434868132855e+01 1.320525705520698700e+01 1.320526077407004983e+01
1.311069849754679773e+01 1.311052474911617693e+01 1.311037866138269337e+01 1.311035445942109767e+01 1.311035191633749264e+01
1.318815897087100630e+01 1.318775422108383744e+01 1.318737455836906314e+01 1.318730210519148827e+01 1.318729419577261197e+01
1.333124572964432630e+01 1.333032887961147850e+01 1.332955844792006950e+01 1.332942020068267652e+01 1.332940526922540236e+01
1.361841004622216822e+01 1.362025264430875815e+01 1.362178646995343811e+01 1.362206033519234794e+01 1.362208988958210121e+01
1.401941706426536172e+01 1.403027423343440105e+01 1.404343816062465145e+01 1.404645277561027861e+01 1.404679462049541172e+01
1.427955649655774018e+01 1.427967137651328322e+01 1.427987405794014819e+01 1.427993393133692734e+01 1.427994110591413701e+01
1.451057830484457156e+01 1.451046148140849112e+01 1.451023065195427009e+01 1.451015543113479112e+01 1.451014617631655490e+01
1.491715099736240369e+01 1.492008340242211872e+01 1.492751403800139265e+01 1.493062005565578687e+01 1.493103386553778655e+01
1.512472704374213706e+01 1.512522157466258044e+01 1.512695484519011124e+01 1.512799054809339694e+01 1.512814854667533204e+01
1.842835628761723754e+01 1.859985936140634522e+01 1.990657568524576604e+01 2.486204651253435571e+01 3.063819685493200851e+01
