1.000000000000000000e+01 1.000000000000000000e+02 1.000000000000000000e+03 1.000000000000000000e+04 1.000000000000000000e+05
3.635322989807849847e+00 3.647987827182405329e+00 3.650115321179596695e+00 3.650342674457013104e+00 3.650365566030017384e+00
9.171543903589505220e+00 9.424482453934098558e+00 9.476856662202587600e+00 9.482675204361592947e+00 9.483263553971182702e+00
1.146005636276057338e+01 1.156627176589424444e+01 1.170096898123335372e+01 1.175408771998968760e+01 1.176187174625795429e+01
1.232844303239126837e+01 1.232707947975365848e+01 1.231815826058531194e+01 1.231621555978928129e+01 1.231599972472577420e+01
1.330416194033207944e+01 1.330874434928020378e+01 1.331193977188306832e+01 1.331245087465048371e+01 1.331250485926141813e+01
1.320182490923084906e+01 1.320203774402895291e+01 1.320232007920891704e+01 1.320238729822940371e+01 1.320239496026058390e+01
1.309342204727390602e+01 1.309331321737812104e+01 1.309325149368146057e+01 1.309324690439144412e+01 1.309324658372957373e+01
1.317076119164537040e+01 1.317035565687909404e+01 1.316997781360485220e+01 1.316990598833192294e+01 1.316989815290429533e+01
1.331632707396624937e+01 1.331542200666184250e+01 1.331466459307747563e+01 1.331452898519412464e+01 1.331451434434635317e+01
1.360858451677117920e+01 1.361047596571922824e+01 1.361204783181022826e+01 1.361232824055052504e+01 1.361235849660205588e+01
1.401669159202426584e+01 1.402774529826480077e+01 1.404113682528058149e+01 1.404420242984663680e+01 1.404455003846131866e+01
1.427792651788263889e+01 1.427797968838464548e+01 1.427806264591556129e+01 1.427808398330413020e+01 1.427808642909621462e+01
1.448801954610969567e+01 1.448785333967672351e+01 1.448751639596537544e+01 1.448740390581774129e+01 1.448738996740045160e+01
1.487698174712893007e+01 1.487979637937006139e+01 1.488692176328189021e+01 1.488989742011034068e+01 1.489029374218832125e+01
1.507579881803833821e+01 1.507627350747234907e+01 1.507793655195654559e+01 1.507892979715078496e+01 1.507908128665933489e+01
1.717512223489537249e+01 1.728375228662494578e+01 1.811536026568440150e+01 2.132200114231274668e+01 2.511323470732305552e+01
