1.000000000000000000e+01 1.000000000000000000e+02 1.000000000000000000e+03 1.000000000000000000e+04 1.000000000000000000e+05
1.282190555811068222e+00 1.278000421803343167e+00 1.277311692057996106e+00 1.277238347668624652e+00 1.277230965564072784e+00
1.813965202211356376e+00 1.878049776229403056e+00 1.892260589197967580e+00 1.893861303062250645e+00 1.894023410486377124e+00
1.262390544119385360e+01 1.697048676641680487e+01 2.225218879105306513e+01 2.427209994346166511e+01 2.456295475948170193e+01
1.591705921718484795e+01 1.758472959538790548e+01 1.874899332257975715e+01 1.895982684872354440e+01 1.898280335612543368e+01
4.678875687763993341e+01 5.008138938422452213e+01 5.306916851093462384e+01 5.364393422290158497e+01 5.370692274793361065e+01
1.025030211323181106e+02 1.025104818337306796e+02 1.025203525615388145e+02 1.025226983015482176e+02 1.025229655795966295e+02
8.540066600105657812e+01 8.566582999630220741e+01 8.596768330930611057e+01 8.603268467765774119e+01 8.603994516501182943e+01
6.835549244516722922e+01 6.840438582658053690e+01 6.845029114328303876e+01 6.845905615869511962e+01 6.846001308941512775e+01
5.818186966494096168e+01 5.822050405552072050e+01 5.825308192982963362e+01 5.825893855011604217e+01 5.825957129253801270e+01
5.817359604200402856e+01 5.822369857107286606e+01 5.826563651367887076e+01 5.827314669020787363e+01 5.827395755821751067e+01
9.171142130404629711e+01 9.369646483171683826e+01 9.622455874686076527e+01 9.682282383373701862e+01 9.689112744213662154e+01
1.760190360759249870e+02 1.762783061719873672e+02 1.767685858170204938e+02 1.769228777676955247e+02 1.769416946820890360e+02
1.846293808031195454e+02 1.846841228974329852e+02 1.847949471615354753e+02 1.848319004578598879e+02 1.848364776641881519e+02
2.692338034659566688e+02 2.706837938640121024e+02 2.744231388982112207e+02 2.760143377450835374e+02 2.762275994788280968e+02
4.418121308147491959e+02 4.426007593148028150e+02 4.453869387210114041e+02 4.470685090025356772e+02 4.473261512433336975e+02
2.299253140756825360e+03 2.380051085794415030e+03 2.971019106951157482e+03 4.970460789955895052e+03 7.068148622319372407e+03
