1.000000000000000000e+01 1.000000000000000000e+02 1.000000000000000000e+03 1.000000000000000000e+04 1.000000000000000000e+05
7.085065757998248337e+00 7.100049278995656188e+00 7.102569705547405299e+00 7.102839104830128036e+00 7.102866230488293908e+00
1.208703892831306526e+01 1.237787635657716834e+01 1.243955436656809077e+01 1.244644057978536011e+01 1.244713727498240807e+01
3.089936678544885140e+01 3.848104398555958738e+01 4.826247310832658854e+01 5.198617049868426676e+01 5.251557515466283377e+01
3.468699601854154224e+01 3.760594959966390149e+01 3.972468643161891322e+01 4.011023887263561249e+01 4.015225635800125303e+01
7.817471619788426551e+01 8.240413753789528073e+01 8.621405889141387036e+01 8.694405900642674112e+01 8.702400331677887380e+01
1.430528063926317657e+02 1.430699855598462022e+02 1.430926785408356352e+02 1.430980653039602544e+02 1.430986789296866277e+02
1.159377325825794856e+02 1.163416159005174961e+02 1.168016970054860337e+02 1.169008119933566405e+02 1.169118837397309818e+02
9.166793170140816471e+01 9.173263725473911734e+01 9.179326821376230328e+01 9.180483188389823113e+01 9.180609411075016624e+01
7.916597620000399615e+01 7.921360761769193459e+01 7.925377343699194910e+01 7.926099407679664921e+01 7.926177418268322583e+01
7.844853430994031385e+01 7.850726035139413739e+01 7.855642879699843206e+01 7.856523498989825782e+01 7.856618580948159547e+01
1.188782381113397975e+02 1.213275662484601867e+02 1.244581785483731977e+02 1.252007860584427021e+02 1.252856107747552414e+02
2.284493364115600116e+02 2.288100247821488722e+02 2.294926772365816134e+02 2.297076732492500923e+02 2.297338988903965173e+02
2.382049728709939131e+02 2.382728976536282062e+02 2.384103047683331056e+02 2.384560903692109264e+02 2.384617604830629034e+02
3.288693497038312330e+02 3.305212950963212961e+02 3.347842179520776540e+02 3.365993852475428412e+02 3.368427163497240713e+02
5.290190168531321433e+02 5.299482734652393674e+02 5.332320332846400106e+02 5.352144780340037187e+02 5.355182563916696381e+02
2.747894277023952327e+03 2.844335223003918145e+03 3.549519724069855329e+03 5.934250669149571877e+03 8.435737269843124523e+03
