1.000000000000000000e+01 1.000000000000000000e+02 1.000000000000000000e+03 1.000000000000000000e+04 1.000000000000000000e+05
5.015443047817236266e-01 4.989505783241444670e-01 4.985430995197123738e-01 4.985000345741917860e-01 4.984957036185310164e-01
2.819679670774166745e-04 2.593189527615442740e-04 2.559567980237427908e-04 2.556391264192322838e-04 2.556077632656206093e-04
1.850733170980668068e-04 2.389549627511517122e-04 2.625601787861348295e-04 2.796868122599730053e-04 2.881320555572831378e-04
2.344231230643127060e-06 2.344784414280431837e-06 2.344890905006129265e-06 2.344902547557106925e-06 2.344903722683107020e-06
2.738587286286809765e-06 2.738603680382778563e-06 2.738606861277401310e-06 2.738607209533694414e-06 2.738607244689886675e-06
2.815098066463919443e-06 2.815102190408369465e-06 2.815102992027359379e-06 2.815103079820548134e-06 2.815103088683517611e-06
2.890357745529838406e-06 2.890371955964789491e-06 2.890374722884983296e-06 2.890375026010236957e-06 2.890375056612597558e-06
2.972394931084533090e-06 2.972400674547870887e-06 2.972401794713583817e-06 2.972401917468212900e-06 2.972401929861454342e-06
3.084990988788420837e-06 3.085025909353599377e-06 3.085032735163660694e-06 3.085033483479056973e-06 3.085033559031875521e-06
3.373430524240068984e-06 3.373618865588321889e-06 3.373655849785976085e-06 3.373659907766388981e-06 3.373660317513094794e-06
4.120687473955880043e-06 4.121227273697715193e-06 4.121333965117119354e-06 4.121345685439619688e-06 4.121346869029721023e-06
4.948307223651444743e-06 4.948461428773410095e-06 4.948492085686646533e-06 4.948495457033294395e-06 4.948495797532307725e-06
6.184153124967516410e-06 6.186672616177910982e-06 6.187179391311857328e-06 6.187235242234432005e-06 6.187240884395474070e-06
9.116611433301147698e-06 9.125865159030728324e-06 9.127770752230738422e-06 9.127981695785042718e-06 9.128003016012937190e-06
1.330436972044977651e-05 1.331529521784835192e-05 1.331761817049708873e-05 1.331787690088893107e-05 1.331790306867601161e-05
1.088691020934026379e-04 1.591556739297973202e-04 1.974349787227214052e-04 2.047648704853949136e-04 2.055725350399543745e-04
