1.000000000000000000e+01 1.000000000000000000e+02 1.000000000000000000e+03 1.000000000000000000e+04 1.000000000000000000e+05
7.204446412942898448e+00 7.217798623865522956e+00 7.220037982952421274e+00 7.220277229775181382e+00 7.220301318226886700e+00
1.148217863590597076e+01 1.196408247043501483e+01 1.215589354424843194e+01 1.218402156340108888e+01 1.218698720761278764e+01
1.287163374359047729e+01 1.717382684101031742e+01 3.036742973419529079e+01 5.663359549889993616e+01 7.071339405506031994e+01
9.384185521452790724e+00 9.384873294454138204e+00 9.385005046359722769e+00 9.385019438125437929e+00 9.385020890602454813e+00
9.582947691759043707e+00 9.582954131132805031e+00 9.582955380738358286e+00 9.582955517553703118e+00 9.582955531365147550e+00
9.625029660270747911e+00 9.625032379204457200e+00 9.625032907705648455e+00 9.625032965586830969e+00 9.625032971430096396e+00
9.659413181691938632e+00 9.659418908517094948e+00 9.659420023589817106e+00 9.659420145749715303e+00 9.659420158082504315e+00
9.692474282208019432e+00 9.692476596831774316e+00 9.692477048260119687e+00 9.692477097730414215e+00 9.692477102724906146e+00
9.737850650939977371e+00 9.737864723976581871e+00 9.737867474787593736e+00 9.737867776359740546e+00 9.737867806807633642e+00
9.831295286080974805e+00 9.831343622888914169e+00 9.831353113673300115e+00 9.831354155000983752e+00 9.831354260146802915e+00
9.966931050796286939e+00 9.967002412504346154e+00 9.967016514844665664e+00 9.967018063976167852e+00 9.967018220416466789e+00
1.006465193207009179e+01 1.006468454427976589e+01 1.006469103002870824e+01 1.006469174331316907e+01 1.006469181535391222e+01
1.033374807371212434e+01 1.033419899893834248e+01 1.033428964030520625e+01 1.033429962855361772e+01 1.033430063757125694e+01
1.080879776336021791e+01 1.081051172217888912e+01 1.081086448819299051e+01 1.081090353444304775e+01 1.081090748083427044e+01
1.150660021635965968e+01 1.150863721183593924e+01 1.150907009385507784e+01 1.150911830344935005e+01 1.150912317927600448e+01
2.940051616476404561e+01 3.939191157689771927e+01 4.712971180305694219e+01 4.862094512719704653e+01 4.878542409803331736e+01
