1.000000000000000000e+01 1.000000000000000000e+02 1.000000000000000000e+03 1.000000000000000000e+04 1.000000000000000000e+05
7.204447427274406124e+00 7.217799558306263741e+00 7.220038903639733441e+00 7.220278148986882805e+00 7.220302237289946135e+00
1.156057034230865632e+01 1.201165336397344063e+01 1.217579741448008335e+01 1.219863197469538996e+01 1.220101746951198152e+01
1.321133624414614438e+01 1.789441647393512369e+01 3.264476196480024583e+01 5.932719147259734882e+01 7.139185885834747580e+01
9.388203249997324917e+00 9.388876966844618366e+00 9.389006055667387329e+00 9.389020157108481257e+00 9.389021580291011304e+00
9.585047632198849143e+00 9.585054104491604221e+00 9.585055360627981358e+00 9.585055498161183962e+00 9.585055512045117965e+00
9.627430793943501541e+00 9.627433563961579566e+00 9.627434102457018028e+00 9.627434161434038629e+00 9.627434167387953323e+00
9.662138285147227279e+00 9.662144119458600855e+00 9.662145255614246864e+00 9.662145380086904822e+00 9.662145392653213705e+00
9.695510967255870582e+00 9.695513325278916739e+00 9.695513785241072213e+00 9.695513835647934897e+00 9.695513840736991185e+00
9.741314794510840258e+00 9.741329131062100188e+00 9.741331933862573678e+00 9.741332241143920712e+00 9.741332272168335749e+00
9.835639592768872674e+00 9.835688832210783161e+00 9.835698502284905942e+00 9.835699563325418282e+00 9.835699670462147992e+00
9.972553228835748129e+00 9.972625917941369877e+00 9.972640286509912855e+00 9.972641864965089198e+00 9.972642024367534219e+00
1.007130202577842049e+01 1.007133559295899872e+01 1.007134227092670464e+01 1.007134300539741645e+01 1.007134307957846531e+01
1.034465068936684951e+01 1.034511585861438299e+01 1.034520941056242016e+01 1.034521972051463834e+01 1.034522076204167362e+01
1.082844588290241816e+01 1.083022861429644834e+01 1.083059587450353511e+01 1.083063653220556688e+01 1.083064064154501693e+01
1.154181946688676952e+01 1.154395351282547644e+01 1.154440774226758926e+01 1.154445834505007085e+01 1.154446346309513949e+01
3.036690005853563434e+01 4.155700080911703509e+01 5.078951913230311277e+01 5.265273485900419814e+01 5.286031764525872489e+01
