1.000000000000000000e+01 1.000000000000000000e+02 1.000000000000000000e+03 1.000000000000000000e+04 1.000000000000000000e+05
3.928186771567016677e+00 3.937341050850973634e+00 3.938862390687692727e+00 3.939024689367865761e+00 3.939041027798459993e+00
1.062643919622046873e+01 1.110133652432592122e+01 1.126839061385021168e+01 1.129142455413905566e+01 1.129382814374524102e+01
1.136358114376951711e+01 1.398367736536105532e+01 2.032859173271037534e+01 3.034400549468140440e+01 3.491227199956007610e+01
8.781845411472737339e+00 8.782872923777171437e+00 8.783069735555978141e+00 8.783091233642794649e+00 8.783093403314806480e+00
9.066054762194697858e+00 9.066059851202355802e+00 9.066060838716282433e+00 9.066060946835179379e+00 9.066060957749714433e+00
9.089655935508494267e+00 9.089657162191828732e+00 9.089657400660808406e+00 9.089657426778376959e+00 9.089657429415025192e+00
9.105025907752990477e+00 9.105028491437392901e+00 9.105028994576061407e+00 9.105029049697906274e+00 9.105029055262814808e+00
9.119804769028863944e+00 9.119805813263054617e+00 9.119806016954111527e+00 9.119806039276436849e+00 9.119806041530083007e+00
9.140088676888058927e+00 9.140095025730548883e+00 9.140096266931330149e+00 9.140096403008760362e+00 9.140096416747706343e+00
9.181859760908011481e+00 9.181881566254036287e+00 9.181885848579437237e+00 9.181886318453869933e+00 9.181886365898638047e+00
9.242491016964144990e+00 9.242523206831437577e+00 9.242529569852569793e+00 9.242530268860511100e+00 9.242530339450782506e+00
9.280350186455953221e+00 9.280355376564415337e+00 9.280356408732135520e+00 9.280356522246758999e+00 9.280356533711566769e+00
9.306622400692333485e+00 9.306663378087041139e+00 9.306671619205989288e+00 9.306672527423767605e+00 9.306672619173307126e+00
9.332272911959627493e+00 9.332318658906476827e+00 9.332328076334826861e+00 9.332329118751264474e+00 9.332329224108384835e+00
9.344222914672453584e+00 9.344239811582752964e+00 9.344243406163140975e+00 9.344243806570975863e+00 9.344243847068407050e+00
1.348489641221889279e+01 1.651234426998322036e+01 1.913069688169780136e+01 1.966787850628288226e+01 1.972787790091453886e+01
