1.000000000000000000e+01 1.000000000000000000e+02 1.000000000000000000e+03 1.000000000000000000e+04 1.000000000000000000e+05
2.437865001862040248e+00 2.520918486599886599e+00 2.531558565399769645e+00 2.532653401225621437e+00 2.532763203183101997e+00
1.276502889951721187e+01 1.372511779177328428e+01 1.392661986417701314e+01 1.394913778820197514e+01 1.395141635308711869e+01
2.045212330608306672e+01 2.045213187486854522e+01 2.045213439252273346e+01 2.045213469395975281e+01 2.045213472469924199e+01
2.048983557754285201e+01 2.049012307969915270e+01 2.049021066673708091e+01 2.049022125187745402e+01 2.049022233250642344e+01
2.081759443540763144e+01 2.081766815672685667e+01 2.081769068533028744e+01 2.081769341018096853e+01 2.081769368838569179e+01
2.089369778681482970e+01 2.089370699223624683e+01 2.089370981187181187e+01 2.089371015311671442e+01 2.089371018796002843e+01
2.094494869653893332e+01 2.094496807614584100e+01 2.094497402053127288e+01 2.094497474021435579e+01 2.094497481370190428e+01
2.099344439611061475e+01 2.099345223543345540e+01 2.099345464338784595e+01 2.099345493502482896e+01 2.099345496480546913e+01
2.106230230542059445e+01 2.106234981608020007e+01 2.106236443571669525e+01 2.106236620719338504e+01 2.106236638809868822e+01
2.120722625741087697e+01 2.120738669734392090e+01 2.120743623938554734e+01 2.120744224798491118e+01 2.120744286165764336e+01
2.145406095348430142e+01 2.145472785649453229e+01 2.145493686717184900e+01 2.145496231710480473e+01 2.145496491759735136e+01
2.213501761794477574e+01 2.213648921211446918e+01 2.213695586138241467e+01 2.213701286146171299e+01 2.213701868796572469e+01
2.305755045932856717e+01 2.306332817010979852e+01 2.306521583828896382e+01 2.306544832309838711e+01 2.306547211121634078e+01
2.598385972974800495e+01 2.602885957099491065e+01 2.604503404448157156e+01 2.604708207360342698e+01 2.604729234476749866e+01
3.133034628974641578e+01 3.141249025681479168e+01 3.144514794074343556e+01 3.144941522270080370e+01 3.144985508586365697e+01
1.336790700444971947e+02 1.819131089793761191e+02 2.985698713967862545e+02 3.730430891172740644e+02 3.864073607516676816e+02
