1.000000000000000000e+01 1.000000000000000000e+02 1.000000000000000000e+03 1.000000000000000000e+04 1.000000000000000000e+05
2.437414671190327731e+00 2.520415398878132596e+00 2.531047049258673187e+00 2.532141001832445060e+00 2.532250715049661149e+00
1.298737567713579644e+01 1.395881662989627436e+01 1.416189871462687755e+01 1.418457170789328181e+01 1.418686571242485961e+01
2.077402108997912578e+01 2.077403285943963951e+01 2.077403631750631874e+01 2.077403673153828478e+01 2.077403677375980706e+01
2.083961521345101886e+01 2.084011102062925502e+01 2.084026199193303341e+01 2.084028023484807690e+01 2.084028209722443492e+01
2.121364195982594936e+01 2.121370906026534087e+01 2.121372956558462874e+01 2.121373204571764504e+01 2.121373229893691814e+01
2.128291050211803537e+01 2.128291888080452665e+01 2.128292144720984425e+01 2.128292175780768503e+01 2.128292178952173686e+01
2.132955858977893016e+01 2.132957622891172278e+01 2.132958163943446195e+01 2.132958229448311727e+01 2.132958236137078245e+01
2.137369891152102497e+01 2.137370604679767538e+01 2.137370823849471435e+01 2.137370850393990551e+01 2.137370853104596335e+01
2.143637272174078845e+01 2.143641596548857819e+01 2.143642927214183658e+01 2.143643088452296652e+01 2.143643104918124820e+01
2.156828111620638566e+01 2.156842714709834397e+01 2.156847223979061567e+01 2.156847770876026615e+01 2.156847826731932116e+01
2.179779215663159064e+01 2.179844355798239519e+01 2.179864774832855545e+01 2.179867261254785760e+01 2.179867515320673732e+01
2.247651579931671151e+01 2.247799292742425337e+01 2.247846133152929227e+01 2.247851854595770504e+01 2.247852439437231453e+01
2.340341898227530493e+01 2.340923716678707578e+01 2.341113817102577599e+01 2.341137230217500687e+01 2.341139625879640462e+01
2.636648727405671266e+01 2.641213076574613083e+01 2.642853700365290592e+01 2.643061439411904701e+01 2.643082768000244087e+01
3.179402077331953791e+01 3.187744394861955755e+01 3.191061025512557947e+01 3.191494399961523953e+01 3.191539071363860103e+01
1.357507615221531978e+02 1.847331597936740764e+02 3.032012287307483120e+02 3.788408265635019347e+02 3.924158940292744546e+02
