1.000000000000000000e+01 1.000000000000000000e+02 1.000000000000000000e+03 1.000000000000000000e+04 1.000000000000000000e+05
2.437834916506187000e+00 2.520885447663033574e+00 2.531525109227869219e+00 2.532619901586415256e+00 2.532729699178969618e+00
1.273899672135269157e+01 1.369106472113115203e+01 1.389052794014125780e+01 1.391280876973035596e+01 1.391506323553536895e+01
2.029814786556423201e+01 2.029815551962057896e+01 2.029815776218833179e+01 2.029815803049747558e+01 2.029815805785639427e+01
2.031919427650975507e+01 2.031927983645367419e+01 2.031930565958764845e+01 2.031930877278663061e+01 2.031930909051878942e+01
2.049902437372326958e+01 2.049904634458145836e+01 2.049905298678481813e+01 2.049905378790740684e+01 2.049905386967395771e+01
2.054076864256319013e+01 2.054077138981302397e+01 2.054077222140386638e+01 2.054077232173569456e+01 2.054077233197645569e+01
2.056889899873068472e+01 2.056890478720674764e+01 2.056890654071638735e+01 2.056890675232032351e+01 2.056890677391902145e+01
2.059550992291970317e+01 2.059551226639032251e+01 2.059551297684000204e+01 2.059551306259015391e+01 2.059551307134299236e+01
2.063331311519306510e+01 2.063332733303055377e+01 2.063333164751425386e+01 2.063333216839743400e+01 2.063333222156752811e+01
2.071288668759213181e+01 2.071293479988903741e+01 2.071294942758709468e+01 2.071295119444980415e+01 2.071295137481612514e+01
2.084971981709657385e+01 2.084993599714854184e+01 2.085000228291068680e+01 2.085001030734401084e+01 2.085001112671780987e+01
2.123832171379395106e+01 2.123881467542393153e+01 2.123896683794762907e+01 2.123898529077502317e+01 2.123898717538391523e+01
2.176890676392631718e+01 2.177091915066314343e+01 2.177155163378925451e+01 2.177162870767508096e+01 2.177163658388449363e+01
2.350810287453181147e+01 2.352602889434696820e+01 2.353201564615842045e+01 2.353275755073733322e+01 2.353283352040541843e+01
2.683990000637620454e+01 2.687869344748391853e+01 2.689258456616686388e+01 2.689434136518843843e+01 2.689452170862947256e+01
1.055736695047836520e+02 1.470793500732822281e+02 2.356087881198856451e+02 2.831204644866894569e+02 2.907879930183560759e+02
