1.000000000000000000e+01 1.000000000000000000e+02 1.000000000000000000e+03 1.000000000000000000e+04 1.000000000000000000e+05
2.422284237635452087e+00 2.502980680231873478e+00 2.513290327792180090e+00 2.514350751102905956e+00 2.514457097497851734e+00
1.243274454929722062e+01 1.335350356295618113e+01 1.354629366036467886e+01 1.356782243416164491e+01 1.357000072007525482e+01
2.052673844096643307e+01 2.052743736622591086e+01 2.052764416752278009e+01 2.052766897225427556e+01 2.052767150229047033e+01
2.066430937346507335e+01 2.066439619901809976e+01 2.066442236237448427e+01 2.066442551528579585e+01 2.066442583705521585e+01
2.086491259637304196e+01 2.086491912324911979e+01 2.086492109654682281e+01 2.086492133455130471e+01 2.086492135884327226e+01
2.090297655302386914e+01 2.090297736676186702e+01 2.090297761308156055e+01 2.090297764280021653e+01 2.090297764583355544e+01
2.092776663214467803e+01 2.092776834790599949e+01 2.092776886767159183e+01 2.092776893039430419e+01 2.092776893679650740e+01
2.095160026271873477e+01 2.095160095688916257e+01 2.095160116733617528e+01 2.095160119273686661e+01 2.095160119532960508e+01
2.098431974457605165e+01 2.098432397093975510e+01 2.098432525351084621e+01 2.098432540835614901e+01 2.098432542416227520e+01
2.105170450054560405e+01 2.105171905701340762e+01 2.105172348348940758e+01 2.105172401818482442e+01 2.105172407276837276e+01
2.117569315300879751e+01 2.117583552831276350e+01 2.117587914398126614e+01 2.117588442273965299e+01 2.117588496173745582e+01
2.155293552102747867e+01 2.155310034546657150e+01 2.155315124502544677e+01 2.155315741839379839e+01 2.155315804889634279e+01
2.206125855144490799e+01 2.206258568020952637e+01 2.206300393754334976e+01 2.206305494294522163e+01 2.206306015565587586e+01
2.376977852533648061e+01 2.378187416901362283e+01 2.378589453878343463e+01 2.378639206555865471e+01 2.378644300265530376e+01
2.712711996906376655e+01 2.715257418917505206e+01 2.716181259495865419e+01 2.716298562554352358e+01 2.716310610164221373e+01
1.070887587848616249e+02 1.491823033112963799e+02 2.387294555859646152e+02 2.865064088683596424e+02 2.941834871175261696e+02
