1.000000000000000000e+01 1.000000000000000000e+02 1.000000000000000000e+03 1.000000000000000000e+04 1.000000000000000000e+05
2.422325780649204230e+00 2.503026259903863071e+00 2.513336474453726321e+00 2.514396956783535586e+00 2.514503309104572537e+00
1.244288925095824361e+01 1.336915230613011651e+01 1.356347001813227493e+01 1.358517955657203302e+01 1.358737625180262398e+01
2.077634540392507034e+01 2.077724606937858454e+01 2.077751429108906933e+01 2.077754651633646787e+01 2.077754980389623540e+01
2.098166622183831720e+01 2.098224445520813575e+01 2.098242127250557942e+01 2.098244266237818323e+01 2.098244484630933471e+01
2.150485154661413389e+01 2.150489476206214334e+01 2.150490808965371059e+01 2.150490970552244718e+01 2.150490987054846670e+01
2.160409688379854387e+01 2.160410225848567833e+01 2.160410392117324818e+01 2.160410412292657867e+01 2.160410414353334119e+01
2.166870770949361003e+01 2.166871902433094732e+01 2.166872253153622196e+01 2.166872295732882492e+01 2.166872300082125591e+01
2.173083594907940963e+01 2.173084051997700783e+01 2.173084193950294818e+01 2.173084211192797355e+01 2.173084212954135097e+01
2.181610072098403208e+01 2.181612849400675103e+01 2.181613714122178393e+01 2.181613819228542539e+01 2.181613829966123319e+01
2.199168475458597172e+01 2.199178002018793165e+01 2.199180983525807420e+01 2.199181346426931327e+01 2.199181383506730114e+01
2.230998109041928856e+01 2.231082449143728041e+01 2.231109319634900601e+01 2.231112606004436216e+01 2.231112941986311071e+01
2.324148228711662156e+01 2.324241482893908284e+01 2.324271763784548384e+01 2.324275486546972758e+01 2.324275867381548721e+01
2.448027144398858468e+01 2.448727106386891350e+01 2.448964986037299596e+01 2.448994609469686878e+01 2.448997644654967232e+01
2.842645143238817340e+01 2.847769831233512505e+01 2.849710088392624741e+01 2.849959680257144967e+01 2.849985356507001200e+01
3.550123382447898024e+01 3.557914034323948016e+01 3.561351986500086042e+01 3.561817259574603156e+01 3.561865437970286052e+01
1.578770550580780139e+02 2.108834895812154855e+02 3.491965065121574980e+02 4.471089795377491782e+02 4.659278080504273589e+02
