1.000000000000000000e+01 1.000000000000000000e+02 1.000000000000000000e+03 1.000000000000000000e+04 1.000000000000000000e+05
1.751159698262911206e+02 2.304460093173242115e+02 3.835143348826239276e+02 5.014978869631041789e+02 5.256455654148728627e+02
3.865792495095008974e+01 3.881419524212021344e+01 3.888634436354485757e+01 3.889626863660043909e+01 3.889729851746341183e+01
3.021613179122494586e+01 3.032133768071076929e+01 3.036358052856621370e+01 3.036912006147205645e+01 3.036969133364610940e+01
2.528312623760826128e+01 2.529940615912699187e+01 2.530507097008823791e+01 2.530578133255575679e+01 2.530585417787867542e+01
2.366809762829459274e+01 2.367243291620613377e+01 2.367387010520253199e+01 2.367404781170215600e+01 2.367406600350968660e+01
2.246947797753390930e+01 2.247146859130123175e+01 2.247211541861786799e+01 2.247219495690822200e+01 2.247220309380069736e+01
2.203548941759046187e+01 2.203597775759311617e+01 2.203613245072212479e+01 2.203615134078232174e+01 2.203615327164429161e+01
2.178040065617834031e+01 2.178054575899980350e+01 2.178059144525917290e+01 2.178059701502897738e+01 2.178059758423561121e+01
2.165917592845785933e+01 2.165919991241517906e+01 2.165920744037324752e+01 2.165920835736554650e+01 2.165920845106885650e+01
2.157372901707861956e+01 2.157378838910507213e+01 2.157380697899145616e+01 2.157380924197313732e+01 2.157380947319892073e+01
2.148346734339980557e+01 2.148349558447317520e+01 2.148350440520603044e+01 2.148350547826275658e+01 2.148350558789635301e+01
2.134929398516162280e+01 2.134952066941053417e+01 2.134959118405121004e+01 2.134959975298436063e+01 2.134960062835409289e+01
2.077159795768143979e+01 2.077248450633761578e+01 2.077275879252263735e+01 2.077279207579898568e+01 2.077279547530823223e+01
2.070610965962594463e+01 2.070611983807106071e+01 2.070612284253694568e+01 2.070612320268377005e+01 2.070612323941538335e+01
1.280762401457578825e+01 1.378101255047378615e+01 1.398591025172070168e+01 1.400882349162345442e+01 1.401114224306461153e+01
2.437886995279373359e+00 2.520942638022015458e+00 2.531583021672149769e+00 2.532677889257144876e+00 2.532787694403833445e+00
