1.000000000000000000e+01 1.000000000000000000e+02 1.000000000000000000e+03 1.000000000000000000e+04 1.000000000000000000e+05
1.777550749949105864e+02 2.339147751618574205e+02 3.892785082920196942e+02 5.090469322280059714e+02 5.335629798174371672e+02
3.923311396500091774e+01 3.939167596476530520e+01 3.946488328266956813e+01 3.947495311986678956e+01 3.947599810659112052e+01
3.066936208022741184e+01 3.077604574060967835e+01 3.081888265177130748e+01 3.082450011584051808e+01 3.082507942514538968e+01
2.567077558039246199e+01 2.568723148429765146e+01 2.569295777066976427e+01 2.569367585099581675e+01 2.569374948787218216e+01
2.403984797238847904e+01 2.404422411639089674e+01 2.404567484956831080e+01 2.404585423078782824e+01 2.404587259403637134e+01
2.283775912318614587e+01 2.283971839125667458e+01 2.284035522048345257e+01 2.284043353560459622e+01 2.284044154744201904e+01
2.242936632520290274e+01 2.242981707110191536e+01 2.242995985541843496e+01 2.242997729125641371e+01 2.242997907347394815e+01
2.219391517955582671e+01 2.219404911185986506e+01 2.219409128103285411e+01 2.219409642202250410e+01 2.219409694740964056e+01
2.208202275095749201e+01 2.208204488854676484e+01 2.208205183697656437e+01 2.208205268337562899e+01 2.208205276986532795e+01
2.200315383856450779e+01 2.200320863992686782e+01 2.200322579869945727e+01 2.200322788746898084e+01 2.200322810089420500e+01
2.191984082093860309e+01 2.191986688791639537e+01 2.191987502959870326e+01 2.191987602004780911e+01 2.191987612124143681e+01
2.179599659221754138e+01 2.179620582552836439e+01 2.179627091170794273e+01 2.179627882097495828e+01 2.179627962895569482e+01
2.112711982868688310e+01 2.112867108787032322e+01 2.112915060564989034e+01 2.112920877919367157e+01 2.112921472079598217e+01
2.101141287376833588e+01 2.101142746970536734e+01 2.101143177812324225e+01 2.101143229457544237e+01 2.101143234724873565e+01
1.299899442823456752e+01 1.397657825730632908e+01 1.418135631351212389e+01 1.420422988730499370e+01 1.420654431831612108e+01
2.437436349121729684e+00 2.520439244722769701e+00 2.531071201272750315e+00 2.532165185741980906e+00 2.532274902162082952e+00
