1.000000000000000000e+01 1.000000000000000000e+02 1.000000000000000000e+03 1.000000000000000000e+04 1.000000000000000000e+05
1.559367375339686816e+02 2.083068994987898748e+02 3.452003772052682393e+02 4.426327558259402508e+02 4.614556614972479451e+02
3.518180460754879135e+01 3.530336788008931137e+01 3.535579871548411290e+01 3.536283909999027486e+01 3.536356737846794118e+01
2.817146111149580179e+01 2.824673081534126240e+01 2.827543484046510969e+01 2.827913663511159115e+01 2.827951757474900774e+01
2.418280573606732631e+01 2.419341868119208883e+01 2.419700150036314668e+01 2.419744685889997626e+01 2.419749247980542606e+01
2.290863434512376529e+01 2.291138292287715927e+01 2.291227449604446775e+01 2.291238407469074900e+01 2.291239528406708814e+01
2.196642961400522154e+01 2.196768350666242853e+01 2.196808378555092744e+01 2.196813276799827719e+01 2.196813777604668161e+01
2.162524809428833450e+01 2.162555271607672225e+01 2.162564800751636085e+01 2.162565960465163428e+01 2.162566078958272797e+01
2.142484236098739814e+01 2.142493272379850211e+01 2.142496085538480344e+01 2.142496427465893305e+01 2.142496462396787749e+01
2.132961362785050952e+01 2.132962855105779809e+01 2.132963318549187548e+01 2.132963374841850523e+01 2.132963380592191527e+01
2.126251734048631192e+01 2.126255425784382425e+01 2.126256570049054062e+01 2.126256708967167697e+01 2.126256723156896911e+01
2.119162496714669430e+01 2.119164251541441857e+01 2.119164794396785112e+01 2.119164860267472861e+01 2.119164866995390284e+01
2.108629891273840329e+01 2.108643961023336644e+01 2.108648299558553774e+01 2.108648825554745088e+01 2.108648879273646060e+01
2.063275205578834104e+01 2.063330152982137022e+01 2.063347024208779956e+01 2.063349067340747212e+01 2.063349275973562769e+01
2.058100182123994770e+01 2.058101119165078785e+01 2.058101395131489397e+01 2.058101428192532012e+01 2.058101431564218231e+01
1.278667073519163289e+01 1.375349711413746512e+01 1.395671706736666096e+01 1.397943491688509177e+01 1.398173380474151450e+01
2.437877449491090420e+00 2.520932155717297007e+00 2.531572407070401987e+00 2.532667260872756732e+00 2.532777064635413744e+00
