1.000000000000000000e+01 1.000000000000000000e+02 1.000000000000000000e+03 1.000000000000000000e+04 1.000000000000000000e+05
1.892367533678675606e+00 2.019465819164298903e+00 2.037868776032235374e+00 2.039799020639506466e+00 2.039992999364853343e+00
3.854358787232678552e+00 3.877901044439697298e+00 3.883141583524881923e+00 3.883734684738775034e+00 3.883794784547075274e+00
3.853704496016678416e+00 3.853704559331348811e+00 3.853704568092495286e+00 3.853704569002348368e+00 3.853704569093683752e+00
3.898105842349352645e+00 3.898105842681617528e+00 3.898105842727628723e+00 3.898105842732408011e+00 3.898105842732887183e+00
3.899476172456669776e+00 3.899476172458050449e+00 3.899476172458240519e+00 3.899476172458260503e+00 3.899476172458262280e+00
3.899656332315607266e+00 3.899656332315780016e+00 3.899656332315803553e+00 3.899656332315806662e+00 3.899656332315806218e+00
3.899777830040090265e+00 3.899777830040453530e+00 3.899777830040504600e+00 3.899777830040509929e+00 3.899777830040510818e+00
3.899892728508464135e+00 3.899892728508611572e+00 3.899892728508631112e+00 3.899892728508633777e+00 3.899892728508634665e+00
3.900056049362023547e+00 3.900056049362920607e+00 3.900056049363045396e+00 3.900056049363058719e+00 3.900056049363058719e+00
3.900399882276799790e+00 3.900399882279843577e+00 3.900399882280264574e+00 3.900399882280308095e+00 3.900399882280312980e+00
3.900901610890558757e+00 3.900901610894844218e+00 3.900901610895437521e+00 3.900901610895498806e+00 3.900901610895504579e+00
3.901155793301330998e+00 3.901155793301630315e+00 3.901155793301670727e+00 3.901155793301676056e+00 3.901155793301676500e+00
3.901385662606888349e+00 3.901385662607960381e+00 3.901385662608108706e+00 3.901385662608124250e+00 3.901385662608126026e+00
3.977467500916807897e+00 3.977696916527158510e+00 3.977728794436175441e+00 3.977732106841286530e+00 3.977732439377112073e+00
4.059892866178325121e+00 4.059929122918216393e+00 4.059934194257885487e+00 4.059934721686379255e+00 4.059934774640370669e+00
1.189030664550543470e+01 1.683836035981597234e+01 1.893423741652645376e+01 1.922985207931039753e+01 1.926070232491387202e+01
