1.000000000000000000e+01 1.000000000000000000e+02 1.000000000000000000e+03 1.000000000000000000e+04 1.000000000000000000e+05
1.892417648470724245e+00 2.019510343689328025e+00 2.037911883815842096e+00 2.039841968875113043e+00 2.040035931448538342e+00
3.854430996840770174e+00 3.877963199671482286e+00 3.883197928200408100e+00 3.883790323578469206e+00 3.883850351364030118e+00
3.854454702852754711e+00 3.854454776139105032e+00 3.854454786294991830e+00 3.854454787349897771e+00 3.854454787455796616e+00
3.917494458529303447e+00 3.917494459024115638e+00 3.917494459092735415e+00 3.917494459099864823e+00 3.917494459100581139e+00
3.919440283266350189e+00 3.919440283268405434e+00 3.919440283268688763e+00 3.919440283268718961e+00 3.919440283268722069e+00
3.919696104475866250e+00 3.919696104476123821e+00 3.919696104476158904e+00 3.919696104476162901e+00 3.919696104476163345e+00
3.919868627339723410e+00 3.919868627340266087e+00 3.919868627340340694e+00 3.919868627340349576e+00 3.919868627340349576e+00
3.920031779472035627e+00 3.920031779472256339e+00 3.920031779472287425e+00 3.920031779472289646e+00 3.920031779472290534e+00
3.920263689834959653e+00 3.920263689836295473e+00 3.920263689836482435e+00 3.920263689836500198e+00 3.920263689836501531e+00
3.920751921523106365e+00 3.920751921527637851e+00 3.920751921528267125e+00 3.920751921528332851e+00 3.920751921528338624e+00
3.921464360029169427e+00 3.921464360035549657e+00 3.921464360036433838e+00 3.921464360036527097e+00 3.921464360036535535e+00
3.921825290883457438e+00 3.921825290883901083e+00 3.921825290883962811e+00 3.921825290883969917e+00 3.921825290883969917e+00
3.922151697909371126e+00 3.922151697910967183e+00 3.922151697911188784e+00 3.922151697911211876e+00 3.922151697911213208e+00
4.031047803606900182e+00 4.031516727830092961e+00 4.031582078176336736e+00 4.031588871368573912e+00 4.031589553372320722e+00
4.149337125554094285e+00 4.149410995218749676e+00 4.149421387124060168e+00 4.149422468744660364e+00 4.149422577348507168e+00
1.327446594497115484e+01 1.942498572883478047e+01 2.230838528520849806e+01 2.273567697820736910e+01 2.278061712422753615e+01
