1.000000000000000000e+01 1.000000000000000000e+02 1.000000000000000000e+03 1.000000000000000000e+04 1.000000000000000000e+05
1.980880833230261873e+00 2.102235898765459243e+00 2.119736631006621685e+00 2.121570693022139409e+00 2.121754988807383668e+00
3.883057707249899515e+00 3.971002588630508257e+00 3.990280541480042853e+00 3.992453415620111468e+00 3.992673491804119124e+00
3.900034154560128474e+00 3.900034591193193290e+00 3.900034651626532511e+00 3.900034657902789359e+00 3.900034658532834708e+00
3.901664149225831490e+00 3.901664149226000244e+00 3.901664149226019784e+00 3.901664149226025557e+00 3.901664149226025557e+00
3.901666670918363611e+00 3.901666670918368052e+00 3.901666670918367164e+00 3.901666670918367164e+00 3.901666670918366275e+00
3.901666885212614400e+00 3.901666885212610403e+00 3.901666885212610847e+00 3.901666885212613511e+00 3.901666885212613067e+00
3.901667024811922069e+00 3.901667024811920292e+00 3.901667024811923401e+00 3.901667024811920736e+00 3.901667024811919848e+00
3.901667159010931751e+00 3.901667159010931751e+00 3.901667159010930419e+00 3.901667159010932640e+00 3.901667159010930863e+00
3.901667343280475819e+00 3.901667343280474487e+00 3.901667343280473599e+00 3.901667343280475375e+00 3.901667343280477152e+00
3.901667722801059668e+00 3.901667722801061444e+00 3.901667722801060556e+00 3.901667722801061000e+00 3.901667722801060112e+00
3.901668273546769150e+00 3.901668273546769594e+00 3.901668273546771815e+00 3.901668273546774479e+00 3.901668273546771815e+00
3.901668617069937284e+00 3.901668617069933287e+00 3.901668617069934619e+00 3.901668617069935507e+00 3.901668617069937728e+00
3.901668856062777913e+00 3.901668856062774804e+00 3.901668856062776580e+00 3.901668856062779689e+00 3.901668856062777024e+00
3.963658697500200834e+00 3.963760828990989360e+00 3.963775027649746541e+00 3.963776503121864359e+00 3.963776651247123528e+00
4.054785439492197163e+00 4.054798785766477565e+00 4.054800653542192101e+00 4.054800847808252229e+00 4.054800867312775559e+00
1.191444307440654704e+01 1.683510623687449126e+01 1.890270985350420574e+01 1.919317106014235819e+01 1.922346411274558164e+01
