1.000000000000000000e+01 1.000000000000000000e+02 1.000000000000000000e+03 1.000000000000000000e+04 1.000000000000000000e+05
1.892456336424856556e+00 2.019544440619289727e+00 2.037944848985988155e+00 2.039874806938748009e+00 2.040068756648013348e+00
3.854502030545947200e+00 3.878024617054889323e+00 3.883253774156896210e+00 3.883845493195672738e+00 3.883905451973976408e+00
3.855184700990825775e+00 3.855184784558215227e+00 3.855184796155310512e+00 3.855184797360146742e+00 3.855184797481099768e+00
3.936318310799242770e+00 3.936318311464835684e+00 3.936318311557273741e+00 3.936318311566877615e+00 3.936318311567842176e+00
3.938823030418893367e+00 3.938823030421656490e+00 3.938823030422040627e+00 3.938823030422080151e+00 3.938823030422083704e+00
3.939152330577414762e+00 3.939152330577760264e+00 3.939152330577808225e+00 3.939152330577813554e+00 3.939152330577814443e+00
3.939374406794231565e+00 3.939374406794962091e+00 3.939374406795062900e+00 3.939374406795072669e+00 3.939374406795074002e+00
3.939584420745465110e+00 3.939584420745760873e+00 3.939584420745802174e+00 3.939584420745806170e+00 3.939584420745806614e+00
3.939882942198672744e+00 3.939882942200469529e+00 3.939882942200719551e+00 3.939882942200745308e+00 3.939882942200748417e+00
3.940511407572954816e+00 3.940511407579051273e+00 3.940511407579898595e+00 3.940511407579986525e+00 3.940511407579995407e+00
3.941428478183751860e+00 3.941428478192335216e+00 3.941428478193526708e+00 3.941428478193651053e+00 3.941428478193663487e+00
3.941893078393467587e+00 3.941893078394064887e+00 3.941893078394147487e+00 3.941893078394155925e+00 3.941893078394156813e+00
3.942313238572991096e+00 3.942313238575139600e+00 3.942313238575437584e+00 3.942313238575467782e+00 3.942313238575472223e+00
4.083273004636302161e+00 4.084058526469142691e+00 4.084168313182012788e+00 4.084179729979497964e+00 4.084180876217005540e+00
4.236790199826915071e+00 4.236913553288826684e+00 4.236931004054044436e+00 4.236932821772052549e+00 4.236933004300792227e+00
1.442653913896326046e+01 2.158009000390694254e+01 2.519656256607102307e+01 2.575421074722378023e+01 2.581324895564847210e+01
