1.000000000000000000e+01 1.000000000000000000e+02 1.000000000000000000e+03 1.000000000000000000e+04 1.000000000000000000e+05
1.003259177503402810e+01 1.342772234003035869e+01 1.465518142275701940e+01 1.481688584579203827e+01 1.483359328956974466e+01
3.961888072029536634e+00 3.961898633666264047e+00 3.961900101564597598e+00 3.961900254097236562e+00 3.961900269410195019e+00
3.917624068315275654e+00 3.917690664253990374e+00 3.917699887055023478e+00 3.917700844957352935e+00 3.917700941117696622e+00
3.876654129547075556e+00 3.876654129547581373e+00 3.876654129547650651e+00 3.876654129547656868e+00 3.876654129547658201e+00
3.876539085438845067e+00 3.876539085438984511e+00 3.876539085439003607e+00 3.876539085439005827e+00 3.876539085439005827e+00
3.876411873201147440e+00 3.876411873203166714e+00 3.876411873203445602e+00 3.876411873203474467e+00 3.876411873203477576e+00
3.876160769989255961e+00 3.876160769990690369e+00 3.876160769990888433e+00 3.876160769990909305e+00 3.876160769990910637e+00
3.875988689811031396e+00 3.875988689811453725e+00 3.875988689811511012e+00 3.875988689811519006e+00 3.875988689811519450e+00
3.875906951616757912e+00 3.875906951616827634e+00 3.875906951616836960e+00 3.875906951616838736e+00 3.875906951616839180e+00
3.875849447672095049e+00 3.875849447672266024e+00 3.875849447672290449e+00 3.875849447672292669e+00 3.875849447672293557e+00
3.875788640957037234e+00 3.875788640957118947e+00 3.875788640957130493e+00 3.875788640957131381e+00 3.875788640957130937e+00
3.875698475242018493e+00 3.875698475242669527e+00 3.875698475242759233e+00 3.875698475242767671e+00 3.875698475242769891e+00
3.875012657698048368e+00 3.875012657854644882e+00 3.875012657876291122e+00 3.875012657878539546e+00 3.875012657878764699e+00
3.852821773955209306e+00 3.852821826211601852e+00 3.852821833429862508e+00 3.852821834179308347e+00 3.852821834254539279e+00
3.854279284291251884e+00 3.877834326162622691e+00 3.883082198115265449e+00 3.883676192984174325e+00 3.883736384016275522e+00
1.892247005925045356e+00 2.019356851457468238e+00 2.037762963055320675e+00 2.039693565285444432e+00 2.039887580238617826e+00
