1.000000000000000000e+01 1.000000000000000000e+02 1.000000000000000000e+03 1.000000000000000000e+04 1.000000000000000000e+05
1.436574264787894073e+01 2.147201850925829802e+01 2.506857962820988917e+01 2.562351622853233835e+01 2.568227435845417972e+01
4.236540417424563998e+00 4.236663589530497376e+00 4.236681014639356313e+00 4.236682829684930596e+00 4.236683011945315158e+00
4.083251320026968223e+00 4.084035666299412171e+00 4.084145288712698552e+00 4.084156688424553039e+00 4.084157832946677225e+00
3.942700006316238071e+00 3.942700006316239403e+00 3.942700006316240291e+00 3.942700006316239403e+00 3.942700006316240735e+00
3.942699713588231791e+00 3.942699713588233124e+00 3.942699713588232679e+00 3.942699713588232679e+00 3.942699713588232679e+00
3.942699389898601581e+00 3.942699389898608242e+00 3.942699389898608686e+00 3.942699389898609574e+00 3.942699389898609130e+00
3.942698750970249133e+00 3.942698750970253574e+00 3.942698750970254018e+00 3.942698750970253574e+00 3.942698750970254018e+00
3.942698313114819886e+00 3.942698313114819886e+00 3.942698313114821218e+00 3.942698313114820774e+00 3.942698313114820774e+00
3.942698105133210618e+00 3.942698105133211506e+00 3.942698105133212394e+00 3.942698105133211506e+00 3.942698105133211950e+00
3.942697958815286619e+00 3.942697958815287951e+00 3.942697958815287507e+00 3.942697958815287951e+00 3.942697958815287507e+00
3.942697804093513891e+00 3.942697804093513447e+00 3.942697804093513891e+00 3.942697804093513891e+00 3.942697804093513447e+00
3.942697574668205807e+00 3.942697574668207583e+00 3.942697574668206695e+00 3.942697574668207139e+00 3.942697574668207139e+00
3.942695829615684655e+00 3.942695829616147840e+00 3.942695829616213121e+00 3.942695829616219338e+00 3.942695829616220227e+00
3.942681632019887861e+00 3.942681639606835819e+00 3.942681640659538189e+00 3.942681640768902263e+00 3.942681640779881036e+00
3.932097714454505066e+00 3.955652004458250381e+00 3.960867321278912723e+00 3.961457193747420114e+00 3.961516962521496321e+00
1.979723375953474918e+00 2.102423781592443586e+00 2.120236861666515704e+00 2.122105964918901133e+00 2.122293806956029538e+00
