1.000000000000000000e+01 1.000000000000000000e+02 1.000000000000000000e+03 1.000000000000000000e+04 1.000000000000000000e+05
1.979684141984295431e+00 2.102389586958334444e+00 2.120203848641264432e+00 2.122073083995782206e+00 2.122260939396638069e+00
3.914478590442540984e+00 3.938032891204800823e+00 3.943256478547665811e+00 3.943847398065474685e+00 3.943907274084593517e+00
3.922470245395076827e+00 3.922470252331023755e+00 3.922470253292060782e+00 3.922470253391882711e+00 3.922470253401904028e+00
3.922483809004409405e+00 3.922483809004833066e+00 3.922483809004892130e+00 3.922483809004897903e+00 3.922483809004899236e+00
3.922485476176994279e+00 3.922485476176996944e+00 3.922485476176996055e+00 3.922485476176995611e+00 3.922485476176996499e+00
3.922485695363284730e+00 3.922485695363284286e+00 3.922485695363285174e+00 3.922485695363285174e+00 3.922485695363285618e+00
3.922485843179982723e+00 3.922485843179983167e+00 3.922485843179983167e+00 3.922485843179984499e+00 3.922485843179984943e+00
3.922485982967887086e+00 3.922485982967887974e+00 3.922485982967887974e+00 3.922485982967887974e+00 3.922485982967888418e+00
3.922486181667488747e+00 3.922486181667490079e+00 3.922486181667490968e+00 3.922486181667490968e+00 3.922486181667490079e+00
3.922486599981878097e+00 3.922486599981882094e+00 3.922486599981882538e+00 3.922486599981882538e+00 3.922486599981882094e+00
3.922487210395510182e+00 3.922487210395515955e+00 3.922487210395515955e+00 3.922487210395516843e+00 3.922487210395516843e+00
3.922487519639202613e+00 3.922487519639202613e+00 3.922487519639202613e+00 3.922487519639202613e+00 3.922487519639203057e+00
3.922487799303056466e+00 3.922487799303056910e+00 3.922487799303057798e+00 3.922487799303057798e+00 3.922487799303057798e+00
4.031055152316376677e+00 4.031523321396640824e+00 4.031588566504447968e+00 4.031595348757111452e+00 4.031596029662576797e+00
4.149155263318482945e+00 4.149229015982931479e+00 4.149239391428778845e+00 4.149240471336227642e+00 4.149240579768060933e+00
1.322134953346788500e+01 1.933381172473928444e+01 2.220245108296848002e+01 2.262781036973464310e+01 2.267255197811086020e+01
