1.000000000000000000e+01 1.000000000000000000e+02 1.000000000000000000e+03 1.000000000000000000e+04 1.000000000000000000e+05
1.980764355932018717e+00 2.102130278106229433e+00 2.119633789732480622e+00 2.121468164825339731e+00 2.121652492305508453e+00
3.870127238763604094e+00 3.958154027526791019e+00 3.977467017839465324e+00 3.979644076130413488e+00 3.979864578545598164e+00
3.875333577735917689e+00 3.875333964151828514e+00 3.875334017542194864e+00 3.875334023085723612e+00 3.875334023642202919e+00
3.876865424219096301e+00 3.876865424219241074e+00 3.876865424219265943e+00 3.876865424219265055e+00 3.876865424219266387e+00
3.876867794113816768e+00 3.876867794113818544e+00 3.876867794113815879e+00 3.876867794113816323e+00 3.876867794113817212e+00
3.876867995508236575e+00 3.876867995508237019e+00 3.876867995508236575e+00 3.876867995508233466e+00 3.876867995508237463e+00
3.876868126704113404e+00 3.876868126704115181e+00 3.876868126704112960e+00 3.876868126704115625e+00 3.876868126704115181e+00
3.876868252824776206e+00 3.876868252824773098e+00 3.876868252824775762e+00 3.876868252824774874e+00 3.876868252824775762e+00
3.876868426001883083e+00 3.876868426001886192e+00 3.876868426001884416e+00 3.876868426001883972e+00 3.876868426001885748e+00
3.876868782676546665e+00 3.876868782676547998e+00 3.876868782676546221e+00 3.876868782676547998e+00 3.876868782676550662e+00
3.876869300269128793e+00 3.876869300269134122e+00 3.876869300269132790e+00 3.876869300269130125e+00 3.876869300269133678e+00
3.876869623113305074e+00 3.876869623113302854e+00 3.876869623113305963e+00 3.876869623113305519e+00 3.876869623113304630e+00
3.876869847719542239e+00 3.876869847719542239e+00 3.876869847719541351e+00 3.876869847719541795e+00 3.876869847719543571e+00
3.910237497988466870e+00 3.910267159527410552e+00 3.910271268456335658e+00 3.910271695235500111e+00 3.910271738078482162e+00
3.959220432063213835e+00 3.959224321765175691e+00 3.959224862527097155e+00 3.959224918721075070e+00 3.959224924362487741e+00
1.004615215598801470e+01 1.341579162235291811e+01 1.462464408383494430e+01 1.478336562991091974e+01 1.479975688634768360e+01
