1.000000000000000000e+01 1.000000000000000000e+02 1.000000000000000000e+03 1.000000000000000000e+04 1.000000000000000000e+05
7.085064371324204302e+00 7.100048114908427799e+00 7.102568579598959708e+00 7.102837982970242159e+00 7.102865109040214620e+00
1.208700776630920259e+01 1.237784912741977728e+01 1.243952867179337751e+01 1.244641507673399516e+01 1.244711179157046388e+01
2.958185966294260538e+01 3.716881110229454066e+01 4.747775092943687980e+01 5.184856030519471659e+01 5.251139284582812650e+01
3.412474913407493915e+01 3.713792280568669213e+01 3.951907637876915658e+01 3.998097051470458752e+01 4.003198794323028409e+01
7.683309129295422224e+01 8.155581694509815804e+01 8.588844710335671095e+01 8.672954947196505771e+01 8.682190378602938097e+01
1.470734827087000269e+02 1.471100089033670884e+02 1.471590023390327531e+02 1.471707601978896207e+02 1.471721027533169490e+02
1.149750864270432942e+02 1.154378691541993476e+02 1.159638597856429101e+02 1.160770506090835426e+02 1.160896925437984635e+02
9.050569222181458429e+01 9.056728868959842771e+01 9.062440139417437024e+01 9.063522802390097866e+01 9.063640852259338487e+01
7.849914458042306364e+01 7.854246772972916801e+01 7.857874243318354957e+01 7.858523848674832379e+01 7.858593985169697760e+01
7.818779667739862305e+01 7.824711383341889359e+01 7.829661432415527145e+01 7.830546443079337848e+01 7.830641971008168412e+01
1.183456924841932647e+02 1.207861604963787272e+02 1.239019335854788721e+02 1.246406954304181482e+02 1.247250767944472329e+02
2.303568892504841301e+02 2.307459705188927899e+02 2.314855933667116972e+02 2.317194482594345573e+02 2.317480054471478468e+02
2.374760580268682020e+02 2.375565377282396469e+02 2.377193308340360431e+02 2.377735780487094530e+02 2.377802963086511738e+02
3.274150312188621683e+02 3.290619326170875638e+02 3.332989363449253801e+02 3.350974328589613265e+02 3.353382700866558253e+02
5.266837738150269388e+02 5.276134650463267235e+02 5.308898636083151814e+02 5.328612283334690574e+02 5.331628684017751993e+02
2.738332467486585756e+03 2.834946348383974055e+03 3.541230640421995304e+03 5.932855956193660859e+03 8.452071447072143201e+03
