1.000000000000000000e+01 1.000000000000000000e+02 1.000000000000000000e+03 1.000000000000000000e+04 1.000000000000000000e+05
1.718306699684437788e+01 1.729219269708420370e+01 1.812692219687815509e+01 2.134949559500963545e+01 2.518156063441055181e+01
1.507643485016352969e+01 1.507704173755197097e+01 1.507913818968512842e+01 1.508037227013668158e+01 1.508055952622251894e+01
1.487840057662189786e+01 1.488159017897743652e+01 1.488970011587852227e+01 1.489311182555392143e+01 1.489356773193511607e+01
1.449029942248041181e+01 1.449014720906972897e+01 1.448984597625180371e+01 1.448974756198939318e+01 1.448973544188615570e+01
1.427781273166875842e+01 1.427791741579541451e+01 1.427807722851002481e+01 1.427811746979788587e+01 1.427812205441219717e+01
1.401658581258856984e+01 1.402833440937268783e+01 1.404241657691448886e+01 1.404563216344392096e+01 1.404599680451471677e+01
1.360964243195941847e+01 1.361194207923856503e+01 1.361386611828655901e+01 1.361421066066347230e+01 1.361424786110936225e+01
1.331831267245960504e+01 1.331698931112835282e+01 1.331586577886404399e+01 1.331566302507709487e+01 1.331564110541503609e+01
1.317190347077827894e+01 1.317110814861369228e+01 1.317037793340003304e+01 1.317024032661549882e+01 1.317022533851105059e+01
1.309327499468130362e+01 1.309318364497276654e+01 1.309319081529090312e+01 1.309320783663184251e+01 1.309321007842386742e+01
1.320149704980535077e+01 1.320179591196587410e+01 1.320218701686169638e+01 1.320227923986966800e+01 1.320228973033509057e+01
1.330407310869883375e+01 1.330877099367045879e+01 1.331195475546357088e+01 1.331244966670874597e+01 1.331250158461698518e+01
1.232933547016249598e+01 1.232893899379997293e+01 1.232031038430570469e+01 1.231839969760262576e+01 1.231818700935983024e+01
1.145889522469202149e+01 1.156579458485055767e+01 1.170090660691658258e+01 1.175419835605643826e+01 1.176201700169309738e+01
9.195066859875874243e+00 9.445703928129058013e+00 9.497468663211064310e+00 9.503216934026047724e+00 9.503798150240539755e+00
3.632290304413928084e+00 3.646005123837668283e+00 3.648315176106269320e+00 3.648562144672978125e+00 3.648587012394481910e+00
