1.000000000000000000e+01 1.000000000000000000e+02 1.000000000000000000e+03 1.000000000000000000e+04 1.000000000000000000e+05
1.281438628341116992e+00 1.277251069214953683e+00 1.276562056042062077e+00 1.276488669130684928e+00 1.276481282613839641e+00
1.817204343746135375e+00 1.881103606105872128e+00 1.895266035752800837e+00 1.896861195031349423e+00 1.897022738904317718e+00
1.261067916117824517e+01 1.695857826914873456e+01 2.224332229020604501e+01 2.426899298062864219e+01 2.456138216801580043e+01
1.590866804110165056e+01 1.758109950032326552e+01 1.875016748243729126e+01 1.896216730853037902e+01 1.898527779727530884e+01
4.649963245421076152e+01 4.989025130239883055e+01 5.307434970673613606e+01 5.370115980094841746e+01 5.377014821047670523e+01
1.024947643152083998e+02 1.025048714044691849e+02 1.025181422877389537e+02 1.025212794456092951e+02 1.025216364992677853e+02
8.496257405753449632e+01 8.536513614241755477e+01 8.583647631873455452e+01 8.593976978872437655e+01 8.595134617472659500e+01
6.829672743439505211e+01 6.836612289565391620e+01 6.843033999714656090e+01 6.844250281024839921e+01 6.844382883524126271e+01
5.815673242525769382e+01 5.820152212823163040e+01 5.823946552086910344e+01 5.824630361375274390e+01 5.824704270064967915e+01
5.818306846854936509e+01 5.823723261922062733e+01 5.828267283023456713e+01 5.829082049754303796e+01 5.829170038655078656e+01
9.168696335650764695e+01 9.370917209507295809e+01 9.629684995608465670e+01 9.691282176354610556e+01 9.698326337597131896e+01
1.758042603210491848e+02 1.762641121163516686e+02 1.771026627378692524e+02 1.773581742032246495e+02 1.773890623787947050e+02
1.846159254090525224e+02 1.846895560061784067e+02 1.848390172041954145e+02 1.848889718257000823e+02 1.848951635540179268e+02
2.699899400486788750e+02 2.716510108017913012e+02 2.759739144519886054e+02 2.778361643684979754e+02 2.780870074763063826e+02
4.427974817451232070e+02 4.437934347824053134e+02 4.472769130615809559e+02 4.493592766964349607e+02 4.496773419490780270e+02
2.307225260398332011e+03 2.388458349691546573e+03 2.981877380127314609e+03 4.989869398345161244e+03 7.105725024658551774e+03
