1.000000000000000000e+01 1.000000000000000000e+02 1.000000000000000000e+03 1.000000000000000000e+04 1.000000000000000000e+05
7.090042055211369210e+00 7.108380806420914411e+00 7.111467477728549369e+00 7.111797426076122086e+00 7.111830648643593378e+00
1.217687862937515142e+01 1.246195033226291926e+01 1.252204256988637532e+01 1.252874421092773893e+01 1.252942214916446240e+01
3.084981822669231022e+01 3.844016574601705116e+01 4.823700203006104914e+01 5.197851274432264290e+01 5.251207777050125713e+01
3.464156767437078344e+01 3.758643855406292289e+01 3.972808314547366848e+01 4.011913770844332561e+01 4.016178896225326866e+01
7.751045833793011752e+01 8.199168366033059385e+01 8.622591012817132139e+01 8.706170206763167130e+01 8.715372150055489442e+01
1.430103023045255668e+02 1.430400001847215208e+02 1.430788769524658903e+02 1.430880466724821360e+02 1.430890898052102784e+02
1.152622798169911249e+02 1.158778712316846224e+02 1.165994059744775626e+02 1.167576250387518684e+02 1.167753590552757856e+02
9.149545118448010328e+01 9.161913568019858189e+01 9.173331706708978572e+01 9.175490315159008503e+01 9.175725564944308132e+01
7.905667926090907827e+01 7.913074499176636323e+01 7.919430743550402951e+01 7.920584273606222325e+01 7.920709098392410397e+01
7.847900849670773482e+01 7.855404072434065199e+01 7.861739608488733211e+01 7.862879734813733990e+01 7.863002937150132254e+01
1.188045132297996531e+02 1.213757716289808428e+02 1.246630919956271271e+02 1.254462321324441803e+02 1.255358168077252543e+02
2.281360398502188787e+02 2.287985811515519003e+02 2.300094209201817819e+02 2.303790345839841791e+02 2.304237366829886753e+02
2.380850294370919187e+02 2.381779648030037606e+02 2.383663094800132001e+02 2.384291757008759589e+02 2.384369649859201843e+02
3.297318054887611538e+02 3.316249805269600870e+02 3.365559136685552630e+02 3.386818075888402291e+02 3.389682396115917413e+02
5.301775907103328791e+02 5.313507382375327097e+02 5.354553750111454065e+02 5.379100881548301913e+02 5.382850945105336677e+02
2.757418790811832423e+03 2.854379472238842482e+03 3.562488520496185174e+03 5.957410612975908407e+03 8.480559626238155033e+03
