1.000000000000000000e+01 1.000000000000000000e+02 1.000000000000000000e+03 1.000000000000000000e+04 1.000000000000000000e+05
3.632291460530985727e+00 3.646006187160196088e+00 3.648316223396386171e+00 3.648563190242076981e+00 3.648588057790214556e+00
9.195059989241748610e+00 9.445695793427303144e+00 9.497460084591638818e+00 9.503208300257544039e+00 9.503789510825145115e+00
1.150383529649869629e+01 1.159948066369952713e+01 1.171991226927884888e+01 1.176466232844924065e+01 1.177095271565524115e+01
1.233029781987713491e+01 1.232929726708924534e+01 1.232049085340478811e+01 1.231860776508777633e+01 1.231839963812304006e+01
1.329179729635667151e+01 1.329629510290132011e+01 1.329943542162632220e+01 1.329993812495426830e+01 1.329999123475621658e+01
1.320474492175917725e+01 1.320490591619122434e+01 1.320511346494936689e+01 1.320516188939664737e+01 1.320516738529094347e+01
1.311062095375196712e+01 1.311044503614979284e+01 1.311033782794880764e+01 1.311032767810090860e+01 1.311032682864350285e+01
1.318929970988155631e+01 1.318850462078659014e+01 1.318776986184333921e+01 1.318763088440367426e+01 1.318761573710629165e+01
1.333322453138045738e+01 1.333188429739718828e+01 1.333074159561240712e+01 1.333053489716616902e+01 1.333051254205253322e+01
1.361945242201355910e+01 1.362169441385197288e+01 1.362357338358898495e+01 1.362391015892469071e+01 1.362394652626719527e+01
1.401930983600250791e+01 1.403085161080996812e+01 1.404469572507688468e+01 1.404785775200471853e+01 1.404821632566632061e+01
1.427945687671788555e+01 1.427963139117123248e+01 1.427992765158767163e+01 1.428001212505335182e+01 1.428002214882312870e+01
1.451294794277104216e+01 1.451284861169270002e+01 1.451266211119891736e+01 1.451260432238055742e+01 1.451259731905718908e+01
1.491863450961580462e+01 1.492195767082487023e+01 1.493041513747069260e+01 1.493397625567427589e+01 1.493445226677682136e+01
1.512539296601832994e+01 1.512602514682235366e+01 1.512820993905073585e+01 1.512949670112954514e+01 1.512969199458312985e+01
1.844028564565090988e+01 1.861253035529975719e+01 1.992381855432131488e+01 2.490216015644891101e+01 3.073751011611734540e+01
