1.000000000000000000e+01 1.000000000000000000e+02 1.000000000000000000e+03 1.000000000000000000e+04 1.000000000000000000e+05
1.282190650871557036e+00 1.278000509022229947e+00 1.277311777979335039e+00 1.277238433451592936e+00 1.277231051333111767e+00
1.813962263525178864e+00 1.878047652539930112e+00 1.892258743636184182e+00 1.893859491515986981e+00 1.894021602416495531e+00
1.234885432965139707e+01 1.671912377226113477e+01 2.210349308346313535e+01 2.424002786135885756e+01 2.455525355287134204e+01
1.580908055385022237e+01 1.750119003649013649e+01 1.872021597083370992e+01 1.894668277942436063e+01 1.897149743793486465e+01
4.630456774507910467e+01 4.974862764187275133e+01 5.289691677036106654e+01 5.350575401773944861e+01 5.357254694907106796e+01
1.039371905385747112e+02 1.039471540511794956e+02 1.039604037027348369e+02 1.039635640280364726e+02 1.039639244084469283e+02
8.539370716421879592e+01 8.568002455924255401e+01 8.600592029044707942e+01 8.607610332227778827e+01 8.608394280895558381e+01
6.805158233709722992e+01 6.809970189271832908e+01 6.814472542543138900e+01 6.815330494403457351e+01 6.815424128972544793e+01
5.803015677236783176e+01 5.806750821407071328e+01 5.809893285226728210e+01 5.810457517183220943e+01 5.810518463361376718e+01
5.810773723182142447e+01 5.815812905739213079e+01 5.820027095933775740e+01 5.820781400900622771e+01 5.820862836013932906e+01
9.160441874992289968e+01 9.358997689042080026e+01 9.611865219693056872e+01 9.671710855077158442e+01 9.678543634241931670e+01
1.765244763675592594e+02 1.767899269049636644e+02 1.772927311368089534e+02 1.774511998991754353e+02 1.774705341391524769e+02
1.844541857558477034e+02 1.845116848446378413e+02 1.846280149033558757e+02 1.846667819950327214e+02 1.846715831097082514e+02
2.690064629261959794e+02 2.704575099974065324e+02 2.741973877631443202e+02 2.757878858621772906e+02 2.760010120781701630e+02
4.416187044317498476e+02 4.424085998386703977e+02 4.451982157076116664e+02 4.468810849235688920e+02 4.471388747119285085e+02
2.299085999738448663e+03 2.379841909247639251e+03 2.970066034870249041e+03 4.959103361825578759e+03 7.024485399863111525e+03
