1.000000000000000000e+01 1.000000000000000000e+02 1.000000000000000000e+03 1.000000000000000000e+04 1.000000000000000000e+05
7.090042391884241901e+00 7.108381081739150176e+00 7.111467742528422953e+00 7.111797689748349249e+00 7.111830912202242061e+00
1.217688776644058457e+01 1.246195847017134817e+01 1.252205027225737943e+01 1.252875185806201408e+01 1.252942979063162277e+01
3.127136991373633990e+01 3.886569091025054234e+01 4.849113953370250840e+01 5.203955410922980462e+01 5.253567729625428484e+01
3.484425736509636806e+01 3.774320272556311551e+01 3.978742033226368591e+01 4.015254455508027576e+01 4.019219177709405244e+01
7.801204294829173591e+01 8.229468684794460387e+01 8.630390782319194898e+01 8.709045715123667719e+01 8.717695363828816824e+01
1.414225842137422546e+02 1.414454246103289847e+02 1.414751841664717631e+02 1.414821801654004219e+02 1.414829754544472564e+02
1.154922361843263729e+02 1.160721243624107188e+02 1.167508395177236764e+02 1.168995286557058648e+02 1.169161913772531278e+02
9.186425931969530723e+01 9.199090363368544843e+01 9.210817388651460647e+01 9.213038251352908503e+01 9.213280360064099739e+01
7.922701703179144772e+01 7.930340072406903573e+01 7.936909481592354609e+01 7.938103127025379990e+01 7.938232319273525661e+01
7.853540330063226804e+01 7.861014442280895764e+01 7.867329858912974316e+01 7.868466796205053981e+01 7.868589661800133683e+01
1.188931581124823680e+02 1.214639681999569376e+02 1.247502996468813592e+02 1.255330246626803188e+02 1.256225555261889610e+02
2.276036244987618886e+02 2.282524860895777010e+02 2.294369354248414652e+02 2.297981359233841943e+02 2.298418091628219599e+02
2.382593212379959482e+02 2.383475487961727595e+02 2.385263048010559999e+02 2.385859546003007949e+02 2.385933447678147274e+02
3.298849075756897378e+02 3.317755018794527473e+02 3.367011035760590403e+02 3.388252511705231882e+02 3.391114714036629607e+02
5.301920802884174009e+02 5.313631512660471117e+02 5.354608681972140403e+02 5.379116975684073623e+02 5.382861276857397570e+02
2.757235813978363240e+03 2.854221585013765434e+03 3.562716175297655354e+03 5.962148931151196848e+03 8.497419488545358035e+03
