1.000000000000000000e+01 1.000000000000000000e+02 1.000000000000000000e+03 1.000000000000000000e+04 1.000000000000000000e+05
2.306677554601230440e+03 2.387908356924858708e+03 2.981469666061679163e+03 4.992561423175380696e+03 7.117823965430857243e+03
4.427794048241536871e+02 4.437735443491264391e+02 4.472509782193513956e+02 4.493299481754035014e+02 4.496475097837787303e+02
2.701001369695507606e+02 2.717589347245332192e+02 2.760771283238528326e+02 2.779378268689846436e+02 2.781884813021885066e+02
1.847572607076338329e+02 1.848279085494417870e+02 1.849713668846843007e+02 1.850193303212346905e+02 1.850252757710273386e+02
1.753850566680208942e+02 1.758356473574261543e+02 1.766563720122086920e+02 1.769062110573212578e+02 1.769364058695884694e+02
9.175849214794824604e+01 9.377958157985990795e+01 9.636534219271025847e+01 9.698069052615366559e+01 9.705105522049537115e+01
5.823254058710138281e+01 5.828641437167286909e+01 5.833164223489796285e+01 5.833975482396895984e+01 5.834063097916597229e+01
5.828117794075700431e+01 5.832738990828094927e+01 5.836661764259012841e+01 5.837369505516731039e+01 5.837446015335753913e+01
6.856034319959557877e+01 6.863098461011615825e+01 6.869654556667831002e+01 6.870898375192474816e+01 6.871034020246641205e+01
8.497196052928516963e+01 8.534342192647321212e+01 8.577757936316417897e+01 8.587261575540726710e+01 8.588326435505059919e+01
1.011658494096714662e+02 1.011741548558108690e+02 1.011850106368896576e+02 1.011875685347031464e+02 1.011878594558879882e+02
4.696430325625890845e+01 5.020997269555464726e+01 5.323182299158189323e+01 5.382316274321948413e+01 5.388817142110203662e+01
1.600805304926138817e+01 1.765564170116189047e+01 1.877707975049225197e+01 1.897623547891316420e+01 1.899785253642835769e+01
1.282694057886452477e+01 1.715800352325580036e+01 2.236138134841729652e+01 2.429650258128918239e+01 2.457051608305534529e+01
1.817207836177734626e+00 1.881106211173231957e+00 1.895268327110194218e+00 1.896863447789429724e+00 1.897024987714952760e+00
1.281438558459971011e+00 1.277251005334992584e+00 1.276561993161836384e+00 1.276488606357183420e+00 1.276481219851083093e+00
