1.000000000000000000e+01 1.000000000000000000e+02 1.000000000000000000e+03 1.000000000000000000e+04 1.000000000000000000e+05
3.635323615496979688e+00 3.647988404622990899e+00 3.650115890315482670e+00 3.650343242701944657e+00 3.650366134185208278e+00
9.171540481824594693e+00 9.424478355852302869e+00 9.476852349156660082e+00 9.482670865068156374e+00 9.483259211995211047e+00
1.148585678094147156e+01 1.158578497900347415e+01 1.171205484785121342e+01 1.176023939956586162e+01 1.176713379935401882e+01
1.232875852158386643e+01 1.232717031554569331e+01 1.231817633394096667e+01 1.231624999947188570e+01 1.231603676003101810e+01
1.329714701699850643e+01 1.330162027701786620e+01 1.330478493663977702e+01 1.330529772699261670e+01 1.330535205225946171e+01
1.320352924651959903e+01 1.320368070628416746e+01 1.320387993360996504e+01 1.320392708240173540e+01 1.320393244978595604e+01
1.310311147313218960e+01 1.310296439018803660e+01 1.310285352847957085e+01 1.310283758820912681e+01 1.310283598281799655e+01
1.318050321894753729e+01 1.318009879050656963e+01 1.317972065497483491e+01 1.317964862840105056e+01 1.317964076818064711e+01
1.332464738051134745e+01 1.332373741982460835e+01 1.332297423478597587e+01 1.332283743020482270e+01 1.332282265716757941e+01
1.361399104662109316e+01 1.361585532730085468e+01 1.361740608239587580e+01 1.361768286429149022e+01 1.361771273152032435e+01
1.401803245123304009e+01 1.402897410127464717e+01 1.404223654093302542e+01 1.404527335248185160e+01 1.404561770976694035e+01
1.427860813886607261e+01 1.427869628973015281e+01 1.427884723867518879e+01 1.427889049535497890e+01 1.427889563203307510e+01
1.449975277920450445e+01 1.449961406496880301e+01 1.449933621541513240e+01 1.449924448639708885e+01 1.449923315723775552e+01
1.489736755796582202e+01 1.490023987755151325e+01 1.490751583589833906e+01 1.491055624455841766e+01 1.491096127315669584e+01
1.510047754729161795e+01 1.510096187513861032e+01 1.510265929613994729e+01 1.510367351743863118e+01 1.510382823531234031e+01
1.783250034818296115e+01 1.797438395541173861e+01 1.905804856393124425e+01 2.320269612828540318e+01 2.807595325778118323e+01
