1.000000000000000000e+01 1.000000000000000000e+02 1.000000000000000000e+03 1.000000000000000000e+04 1.000000000000000000e+05
1.640680859439257588e+01 1.647684934937078793e+01 1.701614257516424544e+01 1.915736364713193751e+01 2.181272140808068372e+01
1.505024196249783230e+01 1.505084151185430485e+01 1.505290763855599678e+01 1.505412029975521904e+01 1.505430407462920428e+01
1.485516370391322916e+01 1.485830939662323047e+01 1.486628809372035676e+01 1.486963612676563073e+01 1.487008313500455792e+01
1.447332622299355087e+01 1.447310738636848981e+01 1.447266284557290916e+01 1.447251403452071727e+01 1.447249557836793876e+01
1.427873184743340396e+01 1.427874165529435935e+01 1.427871465451895894e+01 1.427869395399552666e+01 1.427869103222221803e+01
1.401554046378023166e+01 1.402757621785948139e+01 1.404197761074828144e+01 1.404526302574180185e+01 1.404563552642990842e+01
1.359825505308666926e+01 1.360062824503986079e+01 1.360260906374835166e+01 1.360296331867725250e+01 1.360300155953767387e+01
1.329951773730087083e+01 1.329820106138473612e+01 1.329708843034239862e+01 1.329688816184833122e+01 1.329686652042203399e+01
1.314948376146231546e+01 1.314867535142190391e+01 1.314793816659956427e+01 1.314779978484942546e+01 1.314778472262666398e+01
1.307072481301712230e+01 1.307076031351178891e+01 1.307093219764657377e+01 1.307098749837601126e+01 1.307099407757771914e+01
1.319825834647114071e+01 1.319870967594121858e+01 1.319930593675871044e+01 1.319944749272758422e+01 1.319946361843892468e+01
1.332210272832073450e+01 1.332696244563546095e+01 1.333012138800455659e+01 1.333059129887633887e+01 1.333064005261485008e+01
1.232934625308800847e+01 1.232880110376040506e+01 1.232009643104101926e+01 1.231814113562696100e+01 1.231792251091350110e+01
1.141522186022298690e+01 1.153329922170022925e+01 1.168331071023170509e+01 1.174531168750275789e+01 1.175475106910047174e+01
9.195076272785774663e+00 9.445715074671413802e+00 9.497480418927240819e+00 9.503228765427534697e+00 9.503809989391754698e+00
3.632288725131674667e+00 3.646003671318207573e+00 3.648313745488030335e+00 3.648560716405750082e+00 3.648585584364084422e+00
