1.000000000000000000e+01 1.000000000000000000e+02 1.000000000000000000e+03 1.000000000000000000e+04 1.000000000000000000e+05
7.090041616483641285e+00 7.108380447652680623e+00 7.111467132668203739e+00 7.111797082485367127e+00 7.111830305200856017e+00
1.217686671780694141e+01 1.246193972723179400e+01 1.252203253407439298e+01 1.252873424730232976e+01 1.252941219294512898e+01
3.030619204744252215e+01 3.789080784951819680e+01 4.790122149106714033e+01 5.190258436055533764e+01 5.248872282522157917e+01
3.441514646146160317e+01 3.740435002700377964e+01 3.966202133361151283e+01 4.008593580542675028e+01 4.013243784999911412e+01
7.695344525806980585e+01 8.164634991098662908e+01 8.612650651877947894e+01 8.701682819614984510e+01 8.711497788194732550e+01
1.447059711297725073e+02 1.447459462286764165e+02 1.447985342362927099e+02 1.448109813995827437e+02 1.448123984330672158e+02
1.149464995691009364e+02 1.155968349753895836e+02 1.163597621007943843e+02 1.165271512838459671e+02 1.165459151760655345e+02
9.110484292260562711e+01 9.122593751613466395e+01 9.133735213613118731e+01 9.135837466478307078e+01 9.136066496709854334e+01
7.885167035814824033e+01 7.892350573565047966e+01 7.898500640178004062e+01 7.899615275292464389e+01 7.899735863855360662e+01
7.840489081499126200e+01 7.848018280386087042e+01 7.854369819575978795e+01 7.855512251998297302e+01 7.855635693074275139e+01
1.186742376501189113e+02 1.212450241387807921e+02 1.245318089856658901e+02 1.253149631282796150e+02 1.254045551313634803e+02
2.287560933946032264e+02 2.294360870269745760e+02 2.306804338569564266e+02 2.310606910935054543e+02 2.311066936703503529e+02
2.378716352915668324e+02 2.379702343874938606e+02 2.381701538017258883e+02 2.382369152440003290e+02 2.382451883401898556e+02
3.294390750194797306e+02 3.313335683527912465e+02 3.362651538393882333e+02 3.383901423473196246e+02 3.386763985941453825e+02
5.299059493747397482e+02 5.310809440334617193e+02 5.351904412432274967e+02 5.376468808949061895e+02 5.380220727574433113e+02
2.756684955153466490e+03 2.853564485356088881e+03 3.560540643165197707e+03 5.942069114805307436e+03 8.425242352893994394e+03
