1.000000000000000000e+01 1.000000000000000000e+02 1.000000000000000000e+03 1.000000000000000000e+04 1.000000000000000000e+05
1.282190880421039347e+00 1.278000719639375893e+00 1.277311985463746247e+00 1.277238640601928488e+00 1.277231258449817775e+00
1.813955150476854739e+00 1.878042512098395012e+00 1.892254276578467120e+00 1.893855106819311018e+00 1.894017226137160836e+00
1.194937675922205678e+01 1.636443956387789456e+01 2.190564194502402984e+01 2.422255710049958921e+01 2.457739048745408894e+01
1.565892282697738835e+01 1.737554567972484065e+01 1.866574278111222895e+01 1.891431639043460677e+01 1.894177366959837272e+01
4.562362690552738087e+01 4.928001018216993856e+01 5.265952693473600732e+01 5.331834884278052300e+01 5.339074271671567118e+01
1.059367406092784023e+02 1.059517614283196707e+02 1.059718723859173508e+02 1.059766927397413809e+02 1.059772430003181967e+02
8.520238825661465398e+01 8.552404306449381011e+01 8.588949693253944417e+01 8.596812378323853920e+01 8.597690501390610507e+01
6.740330844494698681e+01 6.745020778831454322e+01 6.749379048022491645e+01 6.750206272398965268e+01 6.750296490126322624e+01
5.769074035747895834e+01 5.772558927327762746e+01 5.775476577513917675e+01 5.775999058472463332e+01 5.776055469576697732e+01
5.794134996467878551e+01 5.799215213987288564e+01 5.803454054949108354e+01 5.804211848010692165e+01 5.804293642953289378e+01
9.127386443783711911e+01 9.325473795222053752e+01 9.577555279258004362e+01 9.637196918405309987e+01 9.644006165317145474e+01
1.775462434242294023e+02 1.778256232631022442e+02 1.783562448372794904e+02 1.785238876921671931e+02 1.785443550530354173e+02
1.839869655168107556e+02 1.840498687833521956e+02 1.841769554859548919e+02 1.842192567880004503e+02 1.842244938967246242e+02
2.680443191317734204e+02 2.694902277695232442e+02 2.732077649227761640e+02 2.747847620981585806e+02 2.749958942427740567e+02
4.399445690959565241e+02 4.407339734799355710e+02 4.435153221984220409e+02 4.451883314710305513e+02 4.454442874199750690e+02
2.292212674849416089e+03 2.373212153446795128e+03 2.965546530127808182e+03 4.972497780402729404e+03 7.087023640662763682e+03
