1.000000000000000000e+01 1.000000000000000000e+02 1.000000000000000000e+03 1.000000000000000000e+04 1.000000000000000000e+05
7.204446986866292590e+00 7.217799152584349898e+00 7.220038503889155912e+00 7.220277749876963469e+00 7.220301838244568948e+00
1.152810210389715628e+01 1.199225379068505504e+01 1.216770111946823540e+01 1.219264164296323472e+01 1.219525681504306647e+01
1.305326272098388429e+01 1.755842809919858993e+01 3.160997113061504393e+01 5.817745644042130237e+01 7.110080669606112735e+01
9.386422557267504629e+00 9.387102371417894275e+00 9.387232615334712094e+00 9.387246842700067262e+00 9.387248278588650408e+00
9.584099981916953226e+00 9.584106438063496824e+00 9.584107691002024865e+00 9.584107828183817901e+00 9.584107842032267399e+00
9.626344176822614784e+00 9.626346923401003508e+00 9.626347457310766131e+00 9.626347515784987152e+00 9.626347521688128239e+00
9.660903398331081249e+00 9.660909183323616034e+00 9.660910309805757379e+00 9.660910433217258841e+00 9.660910445676428537e+00
9.694133480218756205e+00 9.694135818328678766e+00 9.694136274375258822e+00 9.694136324352397693e+00 9.694136329398059360e+00
9.739741674790240111e+00 9.739755890432885366e+00 9.739758669379064315e+00 9.739758974040855222e+00 9.739759004800751185e+00
9.833663653703156982e+00 9.833712478997304274e+00 9.833722066808297413e+00 9.833723118803991525e+00 9.833723225027231507e+00
9.969992452791347048e+00 9.970064532876307339e+00 9.970078779292517623e+00 9.970080344293133834e+00 9.970080502336456263e+00
1.006827044154679385e+01 1.006830356877319588e+01 1.006831015818016617e+01 1.006831088288964438e+01 1.006831095608459314e+01
1.033966698022768149e+01 1.034012558336799792e+01 1.034021779344072733e+01 1.034022795507302739e+01 1.034022898161174275e+01
1.081944742904635959e+01 1.082119842725832903e+01 1.082155899741917793e+01 1.082159891128258167e+01 1.082160294540540235e+01
1.152554093846198313e+01 1.152762843047292129e+01 1.152807242390239928e+01 1.152812187923891685e+01 1.152812688115001372e+01
2.992056659608242342e+01 4.058715730962218515e+01 4.917108998041459245e+01 5.087148801277249532e+01 5.106014915577932101e+01
