1.000000000000000000e+01 1.000000000000000000e+02 1.000000000000000000e+03 1.000000000000000000e+04 1.000000000000000000e+05
2.874382821832476154e+01 3.817676971536817376e+01 4.536827681864375705e+01 4.673960341229226145e+01 4.689052742504740223e+01
1.152275343661643525e+01 1.152707420614150102e+01 1.152799218997546049e+01 1.152809441854150307e+01 1.152810475767097209e+01
1.084049407961618172e+01 1.084384070282912660e+01 1.084452950352117995e+01 1.084460574329520810e+01 1.084461344881265710e+01
1.036083540759117128e+01 1.036201200115584165e+01 1.036224774698962037e+01 1.036227370937535142e+01 1.036227633193472109e+01
1.005818909826052199e+01 1.005823881689517485e+01 1.005824870815341754e+01 1.005824979603653091e+01 1.005824990591200496e+01
9.974006882584951938e+00 9.974201390246504317e+00 9.974239781605888311e+00 9.974243997924775229e+00 9.974244423702762319e+00
9.832375022918018459e+00 9.832514174085535075e+00 9.832541478405870450e+00 9.832544473880016511e+00 9.832544776337696746e+00
9.735388250482397865e+00 9.735429475188297488e+00 9.735437530943148232e+00 9.735438414051774458e+00 9.735438503213334371e+00
9.689304668278882815e+00 9.689311471958676591e+00 9.689312798659692305e+00 9.689312944042924869e+00 9.689312958720682545e+00
9.656842503062279093e+00 9.656859325460454002e+00 9.656862600350056169e+00 9.656862959112991973e+00 9.656862995332188504e+00
9.622539522407645762e+00 9.622547514584582018e+00 9.622549067855898031e+00 9.622549237964769020e+00 9.622549255137681001e+00
9.580750537595070782e+00 9.580760166514046716e+00 9.580762035122631914e+00 9.580762239711637207e+00 9.580762260364808824e+00
9.451516956203318998e+00 9.453132107863849498e+00 9.453439761092770510e+00 9.453473333132091483e+00 9.453476720989174353e+00
1.262182913286297037e+01 1.666457569111894088e+01 2.866859785804715344e+01 5.410807890714015400e+01 7.013780916903185414e+01
1.136462157578548826e+01 1.190305437690775925e+01 1.212617952094397111e+01 1.216059952595675142e+01 1.216426536064675545e+01
7.178243791127049356e+00 7.196016559753434016e+00 7.199020982077589892e+00 7.199342358114483531e+00 7.199374719881387108e+00
