1.000000000000000000e+01 1.000000000000000000e+02 1.000000000000000000e+03 1.000000000000000000e+04 1.000000000000000000e+05
3.928186367385300581e+00 3.937340664903044463e+00 3.938862007876451798e+00 3.939024306893157856e+00 3.939040645357649861e+00
1.059678317506099354e+01 1.108285663349202110e+01 1.126045706050858186e+01 1.128548307485701230e+01 1.128810427190528642e+01
1.127191058282697789e+01 1.381013615860246624e+01 1.992175464114252037e+01 2.991987191796960843e+01 3.480530227487498962e+01
8.777077524993668334e+00 8.778090766922529653e+00 8.778284823394393754e+00 8.778306020088596284e+00 8.778308159338216399e+00
9.055767364592828272e+00 9.055772348674674177e+00 9.055773315779363841e+00 9.055773421662784983e+00 9.055773432351637453e+00
9.078895934172349413e+00 9.078897131233844675e+00 9.078897363931673681e+00 9.078897389416921371e+00 9.078897391989727339e+00
9.093958134301706409e+00 9.093960655617621569e+00 9.093961146580637589e+00 9.093961200367974840e+00 9.093961205798148484e+00
9.108441045717533768e+00 9.108442064753207390e+00 9.108442263515343029e+00 9.108442285297240204e+00 9.108442287496336220e+00
9.128318801181604769e+00 9.128324996889876530e+00 9.128326208058458846e+00 9.128326340841455888e+00 9.128326354247763064e+00
9.169253509232961008e+00 9.169274789120638758e+00 9.169278967846945960e+00 9.169279426345971373e+00 9.169279472642033468e+00
9.228670694158781274e+00 9.228702109353267957e+00 9.228708318473806571e+00 9.228709000559549125e+00 9.228709069440741430e+00
9.265771625034515679e+00 9.265776679205053767e+00 9.265777684183168716e+00 9.265777794704423087e+00 9.265777805866882488e+00
9.291518050926493189e+00 9.291557928913807274e+00 9.291565947071092069e+00 9.291566830679172995e+00 9.291566919942185976e+00
9.316655057993639133e+00 9.316699499911395677e+00 9.316708644875800971e+00 9.316709657052983928e+00 9.316709759352921338e+00
9.328365501114063818e+00 9.328381885473120860e+00 9.328385368470772931e+00 9.328385756393839046e+00 9.328385795627925248e+00
1.281074208934209935e+01 1.535661123680909945e+01 1.752040416852250715e+01 1.795731961621311257e+01 1.800593788020850283e+01
