1.000000000000000000e+01 1.000000000000000000e+02 1.000000000000000000e+03 1.000000000000000000e+04 1.000000000000000000e+05
5.013040603613879709e-01 4.987160334767730685e-01 4.983096042967190553e-01 4.982666529749008033e-01 4.982623334751068445e-01
2.875504558890949443e-04 2.642904286412666110e-04 2.604184472730126259e-04 2.600195004024599796e-04 2.599795399803391145e-04
2.005048829857566993e-04 2.464368473569424219e-04 2.658944528464416324e-04 2.819313660969817448e-04 2.888772961551773597e-04
2.350154192413068981e-06 2.350770869589287705e-06 2.350889666473975294e-06 2.350902656072155468e-06 2.350903967178414260e-06
2.741115184502311631e-06 2.741139563508201077e-06 2.741144294284638069e-06 2.741144812239591136e-06 2.741144864526856196e-06
2.817219973010594084e-06 2.817228785556673463e-06 2.817230498422118646e-06 2.817230686012275237e-06 2.817230704949999432e-06
2.893612078994379942e-06 2.893655129178123086e-06 2.893663512349172517e-06 2.893664430770068848e-06 2.893664523490500350e-06
2.975118249087440193e-06 2.975135659707054374e-06 2.975139055818005986e-06 2.975139427993862810e-06 2.975139465568633562e-06
3.090822277662871401e-06 3.090927766521422524e-06 3.090948387601113659e-06 3.090950648325461235e-06 3.090950876577270134e-06
3.386706904972863677e-06 3.387065404448380714e-06 3.387135867109727954e-06 3.387143599710532754e-06 3.387144380509155939e-06
4.138424660920953657e-06 4.139119617189666991e-06 4.139257048320695522e-06 4.139272146949246831e-06 4.139273671717619239e-06
4.957504964189327298e-06 4.957716137974767603e-06 4.957758141738242450e-06 4.957762761328793741e-06 4.957763227902574491e-06
6.217565480133491245e-06 6.220694281259150906e-06 6.221323320148738925e-06 6.221392639717561774e-06 6.221399642441223302e-06
9.165022520172626033e-06 9.175817812608480639e-06 9.178045166300804892e-06 9.178291818973144755e-06 9.178316749361915526e-06
1.335718297125780882e-05 1.337049735130720314e-05 1.337333493647643234e-05 1.337365113277518056e-05 1.337368311425076740e-05
1.064086113622995591e-04 1.579376258274064202e-04 1.998901502243553472e-04 2.083440461200525837e-04 2.092862052425337584e-04
