1.000000000000000000e+01 1.000000000000000000e+02 1.000000000000000000e+03 1.000000000000000000e+04 1.000000000000000000e+05
1.346400623134421437e+01 1.648669056602929217e+01 1.912149796965508131e+01 1.966569816876776500e+01 1.972658157612359631e+01
9.344600384870645371e+00 9.344635745211935074e+00 9.344643280007396413e+00 9.344644119580930663e+00 9.344644204498600004e+00
9.333569039544080681e+00 9.333657517262359704e+00 9.333675758233294317e+00 9.333677777874859416e+00 9.333677982006202356e+00
9.310143647960900992e+00 9.310254163924444271e+00 9.310276328541249313e+00 9.310278769937218257e+00 9.310279016556716414e+00
9.280509071603313842e+00 9.280516572619481153e+00 9.280518065104832459e+00 9.280518229258843732e+00 9.280518245838337066e+00
9.248443658007984070e+00 9.248533143450293537e+00 9.248550815559802629e+00 9.248552756589271340e+00 9.248552952603077415e+00
9.184494624337421698e+00 9.184558651076889291e+00 9.184571219953447496e+00 9.184572598956922462e+00 9.184572738198257369e+00
9.140704194787476311e+00 9.140723165064235545e+00 9.140726873395088603e+00 9.140727279945760841e+00 9.140727320992750649e+00
9.119896903150824130e+00 9.119900034138089140e+00 9.119900644867652062e+00 9.119900711796796955e+00 9.119900718553944685e+00
9.105239482210574664e+00 9.105247224012993357e+00 9.105248731575754206e+00 9.105248896737258235e+00 9.105248913411360334e+00
9.089751096477536763e+00 9.089754774684546845e+00 9.089755489722239901e+00 9.089755568034277644e+00 9.089755575940113630e+00
9.066265911827059654e+00 9.066273461684147605e+00 9.066274926743313145e+00 9.066275087147140255e+00 9.066275103339819452e+00
8.863199025934994424e+00 8.865261325631694334e+00 8.865655706620360732e+00 8.865698772911491332e+00 8.865703119193563353e+00
1.135911071125572036e+01 1.398114918698749065e+01 2.032043607899043636e+01 3.032750181616199825e+01 3.489613748782532809e+01
1.060279164792956763e+01 1.109421367571019701e+01 1.126310493829623205e+01 1.128630584729750552e+01 1.128872596646825421e+01
3.922940968033214570e+00 3.932770024084199623e+00 3.934409960160166086e+00 3.934585022478866101e+00 3.934602647008140774e+00
