# NG=16
# GL	GU	Temperature	10.0	100.0	1000.0	10000.0	100000.0	
9.999999999999999124e-06	2.999999999999999889e-02	3.000000000000000000e+02	8.344654910673968118e+01	8.901919995125791729e+01	9.003497461361351384e+01	9.014584551076188745e+01	0.000000000000000000e+00
2.999999999999999889e-02	5.800000000000000294e-02	3.000000000000000000e+02	2.159145949417506483e+00	2.159461218325918974e+00	2.159496308521883901e+00	2.159499857243777576e+00	0.000000000000000000e+00
5.800000000000000294e-02	1.400000000000000133e-01	3.000000000000000000e+02	1.504595281339856649e+00	1.504858012874709328e+00	1.504887081936327364e+00	1.504890019807584967e+00	0.000000000000000000e+00
1.400000000000000133e-01	2.800000000000000266e-01	3.000000000000000000e+02	1.015487290921482488e+00	1.015564563903943673e+00	1.015573075845220830e+00	1.015573935690572416e+00	0.000000000000000000e+00
2.800000000000000266e-01	3.499999999999999778e-01	3.000000000000000000e+02	8.051106284412361536e-01	8.051154126740545092e-01	8.051159385924373524e-01	8.051159917068485550e-01	0.000000000000000000e+00
3.499999999999999778e-01	6.250000000000000000e-01	3.000000000000000000e+02	6.853090089411645325e-01	6.853340382800042763e-01	6.853367856744447817e-01	6.853370630996526991e-01	0.000000000000000000e+00
6.250000000000000000e-01	8.499999999999999778e-01	3.000000000000000000e+02	5.679858630808540809e-01	5.679910977919518933e-01	5.679916715388754200e-01	5.679917294650944637e-01	0.000000000000000000e+00
8.499999999999999778e-01	9.710000000000000853e-01	3.000000000000000000e+02	5.265226283060541190e-01	5.265233114383879309e-01	5.265233862584599578e-01	5.265233938117941381e-01	0.000000000000000000e+00
9.710000000000000853e-01	1.020000000000000018e+00	3.000000000000000000e+02	5.113748315633670494e-01	5.113749466641599462e-01	5.113749592667861110e-01	5.113749605390216502e-01	0.000000000000000000e+00
1.020000000000000018e+00	1.096999999999999975e+00	3.000000000000000000e+02	5.005411343623574760e-01	5.005414130054606225e-01	5.005414435078333613e-01	5.005414465869739704e-01	0.000000000000000000e+00
1.096999999999999975e+00	1.149999999999999911e+00	3.000000000000000000e+02	4.908686580352632500e-01	4.908687116715549914e-01	4.908687175417573711e-01	4.908687181343263095e-01	0.000000000000000000e+00
1.149999999999999911e+00	1.300000000000000044e+00	3.000000000000000000e+02	4.827924278351341525e-01	4.827928041915971469e-01	4.827928453700887634e-01	4.827928495267337361e-01	0.000000000000000000e+00
1.300000000000000044e+00	4.000000000000000000e+00	3.000000000000000000e+02	4.886681275625318621e-01	4.886277607517292010e-01	4.886233574032842197e-01	4.886229130653728103e-01	0.000000000000000000e+00
4.000000000000000000e+00	5.530000000000000000e+03	3.000000000000000000e+02	7.292342277681699514e+00	2.398719550324554817e+01	6.594582243060840199e+01	9.109377092273653886e+01	0.000000000000000000e+00
5.530000000000000000e+03	8.210000000000000000e+05	3.000000000000000000e+02	5.821760057727873861e-01	6.134386099413183802e-01	6.181770195995792694e-01	6.186801199214871927e-01	0.000000000000000000e+00
8.210000000000000000e+05	1.000000000000000000e+07	3.000000000000000000e+02	6.879385286072835226e-02	6.893085682122343516e-02	6.894518442893217414e-02	6.894662375596501136e-02	0.000000000000000000e+00
9.999999999999999124e-06	2.999999999999999889e-02	6.000000000000000000e+02	8.149729604796029037e+01	8.700859175385890865e+01	8.802808104523691668e+01	8.813970636668922509e+01	0.000000000000000000e+00
2.999999999999999889e-02	5.800000000000000294e-02	6.000000000000000000e+02	2.159504691150885058e+00	2.159823389254300618e+00	2.159858864538418466e+00	2.159862452242859998e+00	0.000000000000000000e+00
5.800000000000000294e-02	1.400000000000000133e-01	6.000000000000000000e+02	1.504560098058490558e+00	1.504824095227717429e+00	1.504853305499214144e+00	1.504856257654936691e+00	0.000000000000000000e+00
1.400000000000000133e-01	2.800000000000000266e-01	6.000000000000000000e+02	1.015454311528300124e+00	1.015531790288435765e+00	1.015540325017924461e+00	1.015541187166588477e+00	0.000000000000000000e+00
2.800000000000000266e-01	3.499999999999999778e-01	6.000000000000000000e+02	8.051592201429081941e-01	8.051641152508114407e-01	8.051646533662126792e-01	8.051647077125422269e-01	0.000000000000000000e+00
3.499999999999999778e-01	6.250000000000000000e-01	6.000000000000000000e+02	6.853565158792125356e-01	6.853816283219413830e-01	6.853843848648873971e-01	6.853846632141723516e-01	0.000000000000000000e+00
6.250000000000000000e-01	8.499999999999999778e-01	6.000000000000000000e+02	5.679962059420540221e-01	5.680014297383507715e-01	5.680020022915890365e-01	5.680020600973205713e-01	0.000000000000000000e+00
8.499999999999999778e-01	9.710000000000000853e-01	6.000000000000000000e+02	5.265105754956680428e-01	5.265112596464047723e-01	5.265113345782638232e-01	5.265113421428867513e-01	0.000000000000000000e+00
9.710000000000000853e-01	1.020000000000000018e+00	6.000000000000000000e+02	5.113599573859006764e-01	5.113600726295789434e-01	5.113600852478862313e-01	5.113600865217053926e-01	0.000000000000000000e+00
1.020000000000000018e+00	1.096999999999999975e+00	6.000000000000000000e+02	5.005423685957204327e-01	5.005426447944399948e-01	5.005426750293431315e-01	5.005426780814838938e-01	0.000000000000000000e+00
1.096999999999999975e+00	1.149999999999999911e+00	6.000000000000000000e+02	4.910061506294391975e-01	4.910062108702671346e-01	4.910062174633291199e-01	4.910062181288679661e-01	0.000000000000000000e+00
1.149999999999999911e+00	1.300000000000000044e+00	6.000000000000000000e+02	4.827920618432519628e-01	4.827924386239952348e-01	4.827924798490069169e-01	4.827924840103497428e-01	0.000000000000000000e+00
1.300000000000000044e+00	4.000000000000000000e+00	6.000000000000000000e+02	4.887119057985705450e-01	4.886714830373851681e-01	4.886670735812098654e-01	4.886666286269245041e-01	0.000000000000000000e+00
4.000000000000000000e+00	5.530000000000000000e+03	6.000000000000000000e+02	7.585950964986946765e+00	2.634090046405352226e+01	6.972000114886485278e+01	9.193892122472793460e+01	0.000000000000000000e+00
5.530000000000000000e+03	8.210000000000000000e+05	6.000000000000000000e+02	5.891443004102459025e-01	6.142607019840575777e-01	6.179019920218548068e-01	6.182853787690749670e-01	0.000000000000000000e+00
8.210000000000000000e+05	1.000000000000000000e+07	6.000000000000000000e+02	6.879385287441697194e-02	6.893085683576256895e-02	6.894518444356101394e-02	6.894662377060312153e-02	0.000000000000000000e+00
9.999999999999999124e-06	2.999999999999999889e-02	9.000000000000000000e+02	8.220758501026043064e+01	8.808956745545660283e+01	8.920277649183489643e+01	8.932527247016454908e+01	0.000000000000000000e+00
2.999999999999999889e-02	5.800000000000000294e-02	9.000000000000000000e+02	2.159645322308676008e+00	2.159967395750286734e+00	2.160003250045830825e+00	2.160006876117385399e+00	0.000000000000000000e+00
5.800000000000000294e-02	1.400000000000000133e-01	9.000000000000000000e+02	1.504603992094696308e+00	1.504869607281355215e+00	1.504898997842446295e+00	1.504901968233258058e+00	0.000000000000000000e+00
1.400000000000000133e-01	2.800000000000000266e-01	9.000000000000000000e+02	1.015432934094711692e+00	1.015510622096537086e+00	1.015519180004365474e+00	1.015520044495852314e+00	0.000000000000000000e+00
2.800000000000000266e-01	3.499999999999999778e-01	9.000000000000000000e+02	8.051771252732595752e-01	8.051821027123070573e-01	8.051826498859065984e-01	8.051827051471427410e-01	0.000000000000000000e+00
3.499999999999999778e-01	6.250000000000000000e-01	9.000000000000000000e+02	6.854022274123984237e-01	6.854274222631800972e-01	6.854301878784784252e-01	6.854304671441663332e-01	0.000000000000000000e+00
6.250000000000000000e-01	8.499999999999999778e-01	9.000000000000000000e+02	5.680066224032011002e-01	5.680118356719046080e-01	5.680124070738703512e-01	5.680124647633975066e-01	0.000000000000000000e+00
8.499999999999999778e-01	9.710000000000000853e-01	9.000000000000000000e+02	5.264985214877521136e-01	5.264992066574357699e-01	5.264992817011415749e-01	5.264992892770591348e-01	0.000000000000000000e+00
9.710000000000000853e-01	1.020000000000000018e+00	9.000000000000000000e+02	5.113450814478884832e-01	5.113451968344804310e-01	5.113452094684732829e-01	5.113452107438758443e-01	0.000000000000000000e+00
1.020000000000000018e+00	1.096999999999999975e+00	9.000000000000000000e+02	5.005589391084842577e-01	5.005592112264860560e-01	5.005592410148006488e-01	5.005592440218611383e-01	0.000000000000000000e+00
1.096999999999999975e+00	1.149999999999999911e+00	9.000000000000000000e+02	4.911179834469515670e-01	4.911180473630818444e-01	4.911180543584098834e-01	4.911180550645561360e-01	0.000000000000000000e+00
1.149999999999999911e+00	1.300000000000000044e+00	9.000000000000000000e+02	4.827920190263188527e-01	4.827923962985763429e-01	4.827924375774677035e-01	4.827924417442504001e-01	0.000000000000000000e+00
1.300000000000000044e+00	4.000000000000000000e+00	9.000000000000000000e+02	4.887560184341615543e-01	4.887155398602532341e-01	4.887111243112544079e-01	4.887106787420990583e-01	0.000000000000000000e+00
4.000000000000000000e+00	5.530000000000000000e+03	9.000000000000000000e+02	7.862894110302261375e+00	2.822470826628208940e+01	7.216425541115781073e+01	9.242829705299955378e+01	0.000000000000000000e+00
5.530000000000000000e+03	8.210000000000000000e+05	9.000000000000000000e+02	5.931213304121892849e-01	6.147843142466989930e-01	6.178434281667699590e-01	6.181640039478767390e-01	0.000000000000000000e+00
8.210000000000000000e+05	1.000000000000000000e+07	9.000000000000000000e+02	6.879385287774390789e-02	6.893085683956250154e-02	6.894518444741126739e-02	6.894662377445839874e-02	0.000000000000000000e+00
9.999999999999999124e-06	2.999999999999999889e-02	1.200000000000000000e+03	8.230549701716539346e+01	8.837987936944226419e+01	8.954868455161381746e+01	8.967777283891889795e+01	0.000000000000000000e+00
2.999999999999999889e-02	5.800000000000000294e-02	1.200000000000000000e+03	2.159704178333545332e+00	2.160029438791545520e+00	2.160065651115786078e+00	2.160069313432204208e+00	0.000000000000000000e+00
5.800000000000000294e-02	1.400000000000000133e-01	1.200000000000000000e+03	1.504658859999947529e+00	1.504926156845359797e+00	1.504955734749466423e+00	1.504958724088359734e+00	0.000000000000000000e+00
1.400000000000000133e-01	2.800000000000000266e-01	1.200000000000000000e+03	1.015421914893348321e+00	1.015499833758151560e+00	1.015508417233098148e+00	1.015509284308791838e+00	0.000000000000000000e+00
2.800000000000000266e-01	3.499999999999999778e-01	1.200000000000000000e+03	8.051903858634567035e-01	8.051954317575141795e-01	8.051959864637358022e-01	8.051960424858030096e-01	0.000000000000000000e+00
3.499999999999999778e-01	6.250000000000000000e-01	1.200000000000000000e+03	6.854446185042336603e-01	6.854698920474712187e-01	6.854726663270587217e-01	6.854729464679393258e-01	0.000000000000000000e+00
6.250000000000000000e-01	8.499999999999999778e-01	1.200000000000000000e+03	5.680172008967433461e-01	5.680224039817368675e-01	5.680229742701101703e-01	5.680230318472360151e-01	0.000000000000000000e+00
8.499999999999999778e-01	9.710000000000000853e-01	1.200000000000000000e+03	5.264864894689778030e-01	5.264871756638312972e-01	5.264872508200660883e-01	5.264872584073455597e-01	0.000000000000000000e+00
9.710000000000000853e-01	1.020000000000000018e+00	1.200000000000000000e+03	5.113302102877395061e-01	5.113303258166629339e-01	5.113303384662766238e-01	5.113303397432569231e-01	0.000000000000000000e+00
1.020000000000000018e+00	1.096999999999999975e+00	1.200000000000000000e+03	5.005807980109144850e-01	5.005810660405218826e-01	5.005810953813970565e-01	5.005810983432905648e-01	0.000000000000000000e+00
1.096999999999999975e+00	1.149999999999999911e+00	1.200000000000000000e+03	4.912186235097921738e-01	4.912186898505319088e-01	4.912186971112447731e-01	4.912186978441798191e-01	0.000000000000000000e+00
1.149999999999999911e+00	1.300000000000000044e+00	1.200000000000000000e+03	4.827930164626380027e-01	4.827933944323539728e-01	4.827934357876585980e-01	4.827934399621567896e-01	0.000000000000000000e+00
1.300000000000000044e+00	4.000000000000000000e+00	1.200000000000000000e+03	4.888004854009415090e-01	4.887599510714261131e-01	4.887555294356746294e-01	4.887550832522590261e-01	0.000000000000000000e+00
4.000000000000000000e+00	5.530000000000000000e+03	1.200000000000000000e+03	8.125536610562958728e+00	2.981320816206260105e+01	7.394750615122516990e+01	9.276255786816238924e+01	0.000000000000000000e+00
5.530000000000000000e+03	8.210000000000000000e+05	1.200000000000000000e+03	5.957668388014309979e-01	6.151108137649110574e-01	6.177923201262010000e-01	6.180724160186711336e-01	0.000000000000000000e+00
8.210000000000000000e+05	1.000000000000000000e+07	1.200000000000000000e+03	6.879385285824629603e-02	6.893085682027123851e-02	6.894518442814166759e-02	6.894662375519107489e-02	0.000000000000000000e+00
