1.000000000000000000e+01 1.000000000000000000e+02 1.000000000000000000e+03 1.000000000000000000e+04 1.000000000000000000e+05
5.015445248044275717e-01 4.989508185056528711e-01 4.985433432396879083e-01 4.985002786746823844e-01 4.984959477573597253e-01
2.734000860930428287e-04 2.516034581665053688e-04 2.488178460084248004e-04 2.485995996168184467e-04 2.485788971924101048e-04
1.708009879214368273e-04 2.324773233468475648e-04 2.607376866357388073e-04 2.787809098172916661e-04 2.886543829748880268e-04
2.342340338334586065e-06 2.342901109064940899e-06 2.343009034004743600e-06 2.343020832843075212e-06 2.343022023738111504e-06
2.735908906190056241e-06 2.735925271133760703e-06 2.735928445968324345e-06 2.735928793553171043e-06 2.735928828641493943e-06
2.812262740949800594e-06 2.812266815733441339e-06 2.812267607689470920e-06 2.812267694422256587e-06 2.812267703178150935e-06
2.887324919211422123e-06 2.887338951652288028e-06 2.887341683500755697e-06 2.887341982775572915e-06 2.887342012989123371e-06
2.969135711696382767e-06 2.969141383330552872e-06 2.969142489301446691e-06 2.969142610496838043e-06 2.969142622732617754e-06
3.081421530629730680e-06 3.081456015374082635e-06 3.081462754717270303e-06 3.081463493527854923e-06 3.081463568120753479e-06
3.369122412197827559e-06 3.369308479110474300e-06 3.369345008116229307e-06 3.369349015980892216e-06 3.369349420665375501e-06
4.115787662105137938e-06 4.116320785173570807e-06 4.116426124927787789e-06 4.116437696122223082e-06 4.116438864645369267e-06
4.940057458501019124e-06 4.940209157513515223e-06 4.940239305148920573e-06 4.940242620266606757e-06 4.940242955084148287e-06
6.171450017230237497e-06 6.173918167477215636e-06 6.174414341565791700e-06 6.174469018540418857e-06 6.174474542045027535e-06
9.091233114178430812e-06 9.100245941797861226e-06 9.102100076958354592e-06 9.102305285346070220e-06 9.102326025484523109e-06
1.325769326048442983e-05 1.326845154569577826e-05 1.327073556246416886e-05 1.327098988277571024e-05 1.327101560371158775e-05
1.110375481474760458e-04 1.619200661200998414e-04 1.998572164684837165e-04 2.070070926980692645e-04 2.077922098440659166e-04
