1.000000000000000000e+01 1.000000000000000000e+02 1.000000000000000000e+03 1.000000000000000000e+04 1.000000000000000000e+05
3.928185840627560488e+00 3.937340161908488678e+00 3.938861508969767833e+00 3.939023808425074158e+00 3.939040146933752595e+00
1.055505802072992516e+01 1.105624767665124430e+01 1.124909262425288858e+01 1.127713209952286277e+01 1.128008522045482920e+01
1.116161909711211564e+01 1.360279764138093839e+01 1.942389713094835102e+01 2.934818170336340870e+01 3.465828860569184400e+01
8.772468193598173869e+00 8.773467753899623744e+00 8.773659163176667164e+00 8.773680070197277914e+00 8.773682180206254344e+00
9.045478009364725125e+00 9.045482886229107677e+00 9.045483832471681751e+00 9.045483936069873110e+00 9.045483946528031893e+00
9.068120507994153812e+00 9.068121674031369039e+00 9.068121900683475900e+00 9.068121925506305914e+00 9.068121928012228494e+00
9.082866165558947102e+00 9.082868621555286737e+00 9.082869099763440701e+00 9.082869152152731829e+00 9.082869157441745500e+00
9.097044691980171294e+00 9.097045684625717499e+00 9.097045878224493620e+00 9.097045899440242778e+00 9.097045901582177407e+00
9.116504723041526148e+00 9.116510758379678947e+00 9.116511938087729305e+00 9.116512067419440868e+00 9.116512080477274793e+00
9.156579227749077177e+00 9.156599957388978694e+00 9.156604027590368844e+00 9.156604474172359787e+00 9.156604519265009401e+00
9.214747747358517316e+00 9.214778351417287183e+00 9.214784399322574870e+00 9.214785063680437815e+00 9.214785130771161903e+00
9.251068817027439550e+00 9.251073728019369113e+00 9.251074704347585609e+00 9.251074811714461887e+00 9.251074822558287281e+00
9.276274501853842835e+00 9.276313220009145155e+00 9.276321002821719119e+00 9.276321860450726930e+00 9.276321947088824516e+00
9.300883385130882530e+00 9.300926444007984628e+00 9.300935300008230655e+00 9.300936280110553511e+00 9.300936379167692891e+00
9.312347396057425897e+00 9.312363249175566793e+00 9.312366616376268169e+00 9.312366991340038425e+00 9.312367029262738072e+00
1.203098275707560028e+01 1.400864260984680953e+01 1.564434918988564682e+01 1.596701711376938881e+01 1.600273271516953599e+01
