1.000000000000000000e+01 1.000000000000000000e+02 1.000000000000000000e+03 1.000000000000000000e+04 1.000000000000000000e+05
7.178246877461431197e+00 7.196019355672940598e+00 7.199023727583593768e+00 7.199345098205171212e+00 7.199377459426520964e+00
1.152539828747023165e+01 1.199946942970778352e+01 1.216515641717465179e+01 1.218805524360257664e+01 1.219044582803215526e+01
1.319219289914263982e+01 1.787655213609194149e+01 3.259656337231633927e+01 5.923148590233885358e+01 7.129634206472823621e+01
9.458921200923155581e+00 9.460458703152191617e+00 9.460751757270868367e+00 9.460783739922810298e+00 9.460786967430525607e+00
9.585247864107993010e+00 9.585257577451125499e+00 9.585259462934002883e+00 9.585259669380219449e+00 9.585259690220981454e+00
9.627645680375515269e+00 9.627653986268031261e+00 9.627655600920553169e+00 9.627655777759805744e+00 9.627655795612254153e+00
9.662620565368053249e+00 9.662638047412590581e+00 9.662641451694682360e+00 9.662641824651862166e+00 9.662641862304260698e+00
9.695719018654823884e+00 9.695726088850607383e+00 9.695727467961164692e+00 9.695727619096290439e+00 9.695727634354851077e+00
9.742704717780704016e+00 9.742747555249977154e+00 9.742755929166234452e+00 9.742756847213042803e+00 9.742756939902735169e+00
9.841589473344111383e+00 9.841734054444295055e+00 9.841762436679838189e+00 9.841765550657544992e+00 9.841765865083448972e+00
9.985995103250463245e+00 9.986197173569937746e+00 9.986237079600707389e+00 9.986241462709680050e+00 9.986241905335552005e+00
1.007205389839529808e+01 1.007210671113374190e+01 1.007211722574759349e+01 1.007211838234817591e+01 1.007211849916581237e+01
1.038462336098610628e+01 1.038587792165236934e+01 1.038612953106279591e+01 1.038615724542417240e+01 1.038616004501178303e+01
1.088309109699570598e+01 1.088672293855500506e+01 1.088747189532207749e+01 1.088755482400310015e+01 1.088756320590402993e+01
1.159207549828917116e+01 1.159669159044614517e+01 1.159767536833205170e+01 1.159778499022461951e+01 1.159779607783682742e+01
3.029813775307095725e+01 4.145712792245459610e+01 5.073024855759388174e+01 5.261347472557606153e+01 5.282361441818807180e+01
