1.000000000000000000e+01 1.000000000000000000e+02 1.000000000000000000e+03 1.000000000000000000e+04 1.000000000000000000e+05
2.933819154563034814e+01 3.930507867225117025e+01 4.707972001151558317e+01 4.858709128495745944e+01 4.875358492841946401e+01
1.155571481881722207e+01 1.156012055962841778e+01 1.156105798616344593e+01 1.156116241009792134e+01 1.156117297159819657e+01
1.086238425442892641e+01 1.086587543703953074e+01 1.086659470849404485e+01 1.086667433599344612e+01 1.086668238407389175e+01
1.037310648860493068e+01 1.037432257110476463e+01 1.037456635024027740e+01 1.037459319979736883e+01 1.037459591200059528e+01
1.006539399013084157e+01 1.006544527750800100e+01 1.006545548478909780e+01 1.006545660750941096e+01 1.006545672090429377e+01
9.980248862273519705e+00 9.980447240488084404e+00 9.980486407049012243e+00 9.980490708730121341e+00 9.980491143130761245e+00
9.837190674672037005e+00 9.837332604729761343e+00 9.837360460717185617e+00 9.837363516840730071e+00 9.837363825423675934e+00
9.739227914361396898e+00 9.739269964406190638e+00 9.739278182992142874e+00 9.739279083981905671e+00 9.739279174949142970e+00
9.692680443638726828e+00 9.692687383706806159e+00 9.692688737230302110e+00 9.692688885557315004e+00 9.692688900532321128e+00
9.659891089026533706e+00 9.659908248990802804e+00 9.659911590101531331e+00 9.659911956128985011e+00 9.659911993081683690e+00
9.625242602233427647e+00 9.625250754948242005e+00 9.625252339633455279e+00 9.625252513186890013e+00 9.625252530707586018e+00
9.583148460157447701e+00 9.583158120923192413e+00 9.583159995972792444e+00 9.583160201272155732e+00 9.583160221997092165e+00
9.455616376428022107e+00 9.457186059347208129e+00 9.457485162363459708e+00 9.457517803521582778e+00 9.457521097464029580e+00
1.285855596806115742e+01 1.715884058670945223e+01 3.031398401042889290e+01 5.649750723167213096e+01 7.060604369997518859e+01
1.144546145843696117e+01 1.195198143094230403e+01 1.214529140828012643e+01 1.217348337093763000e+01 1.217645459231110827e+01
7.178245572949361275e+00 7.196018173903827808e+00 7.199022567121595273e+00 7.199343940031941891e+00 7.199376301483867202e+00
