1.000000000000000000e+01 1.000000000000000000e+02 1.000000000000000000e+03 1.000000000000000000e+04 1.000000000000000000e+05
3.922938686476398207e+00 3.932767857677021084e+00 3.934407813635789175e+00 3.934582878088969782e+00 3.934600502833263125e+00
1.045813210029697515e+01 1.100333607086966659e+01 1.122574136076237394e+01 1.125984679673048916e+01 1.126347609523705273e+01
1.101282542277587062e+01 1.332343251008943774e+01 1.874035461245194512e+01 2.845576970132526640e+01 3.445633068055695247e+01
8.845262499997653904e+00 8.847247392958392354e+00 8.847626750641413906e+00 8.847668172107820084e+00 8.847672352346108937e+00
9.035824993727153753e+00 9.035832074731233732e+00 9.035833448464371642e+00 9.035833598862456739e+00 9.035833614044985751e+00
9.057809843454551313e+00 9.057813221532347470e+00 9.057813878058269097e+00 9.057813949958704924e+00 9.057813957217232925e+00
9.072308788884265951e+00 9.072315899258597938e+00 9.072317283466169613e+00 9.072317435105595962e+00 9.072317450414473683e+00
9.086029671239787220e+00 9.086032546971871682e+00 9.086033107732635727e+00 9.086033169182210045e+00 9.086033175386100780e+00
9.105507959447500355e+00 9.105525384019646395e+00 9.105528788970111975e+00 9.105529162236326357e+00 9.105529199922516526e+00
9.146501654284287852e+00 9.146560469732561316e+00 9.146572010532894481e+00 9.146573276639085037e+00 9.146573404479795499e+00
9.206365624272642378e+00 9.206447837419039715e+00 9.206464064411974846e+00 9.206465846536334041e+00 9.206466026501214373e+00
9.236380759179345645e+00 9.236387586627717639e+00 9.236388944106682430e+00 9.236389093391778715e+00 9.236389108469298392e+00
9.264125743905319510e+00 9.264225991114745540e+00 9.264246076947847186e+00 9.264248288974835432e+00 9.264248512420097725e+00
9.286054573942156054e+00 9.286134179488890084e+00 9.286150559651309422e+00 9.286152372599223881e+00 9.286152555832037692e+00
9.296378427982881831e+00 9.296410512242266222e+00 9.296417327790557295e+00 9.296418086762212596e+00 9.296418163522378819e+00
1.107037086928859715e+01 1.241252152661303931e+01 1.352771637341915145e+01 1.374708071384924324e+01 1.377133818980669488e+01
