1.000000000000000000e+01 1.000000000000000000e+02 1.000000000000000000e+03 1.000000000000000000e+04 1.000000000000000000e+05
5.015442136714052257e-01 4.989504788632715959e-01 4.985429985930740493e-01 4.984999334899298806e-01 4.984956025183874817e-01
2.859504498193492336e-04 2.626701449165210617e-04 2.589757941843227364e-04 2.586060649652329921e-04 2.585691982022984836e-04
1.941035543729566876e-04 2.433283947691053568e-04 2.644565529365925532e-04 2.809883696298674316e-04 2.885620912585750981e-04
2.345015626299792203e-06 2.345565597471722040e-06 2.345671481298647339e-06 2.345683057722791951e-06 2.345684226176825329e-06
2.739643679292971482e-06 2.739660093665908692e-06 2.739663278689225828e-06 2.739663627401383169e-06 2.739663662603634965e-06
2.816210558225858161e-06 2.816214706085989952e-06 2.816215512406764888e-06 2.816215600715939433e-06 2.816215609631009484e-06
2.891542983174198187e-06 2.891557279545283087e-06 2.891560063404831406e-06 2.891560368389941144e-06 2.891560399180109702e-06
2.973664019517607045e-06 2.973669797655930486e-06 2.973670924677474727e-06 2.973671048185260096e-06 2.973671060654556203e-06
3.086374912515804789e-06 3.086410043434543477e-06 3.086416911005324281e-06 3.086417663911762376e-06 3.086417739928255230e-06
3.375076614793308788e-06 3.375266047089600285e-06 3.375303249854713348e-06 3.375307331903556005e-06 3.375307744081478888e-06
4.122416485928057676e-06 4.122959443071900927e-06 4.123066774832028107e-06 4.123078565825264652e-06 4.123079756555736841e-06
4.951177606537990859e-06 4.951333024460122562e-06 4.951363928185964551e-06 4.951367326790073364e-06 4.951367670043312578e-06
6.188232091751818761e-06 6.190775620440223515e-06 6.191287374085717680e-06 6.191343776628860868e-06 6.191349474548151463e-06
9.123140485449590006e-06 9.132501540955843957e-06 9.134430216934653925e-06 9.134643736338814035e-06 9.134665317139061048e-06
1.331208897519766479e-05 1.332314967366558796e-05 1.332550341462522428e-05 1.332576561868032158e-05 1.332579213828752748e-05
1.073457427934175229e-04 1.582722397241397006e-04 1.985140785523533194e-04 2.064326588267209530e-04 2.073103299080242582e-04
