1.000000000000000000e+01 1.000000000000000000e+02 1.000000000000000000e+03 1.000000000000000000e+04 1.000000000000000000e+05
1.092604813129223734e-04 1.599091699431209261e-04 1.986734633022822132e-04 2.061336018306618575e-04 2.069566305495199889e-04
1.334699600412208093e-05 1.336000680500719809e-05 1.336277516802039985e-05 1.336308355233529339e-05 1.336311474257315873e-05
9.154953960720260361e-06 9.165527945282219308e-06 9.167707554621049211e-06 9.167948876280941116e-06 9.167973267351022150e-06
6.210782177378077326e-06 6.213857722784353011e-06 6.214475744590669597e-06 6.214543843724586154e-06 6.214550723088590164e-06
4.952646435709720238e-06 4.952854685209016700e-06 4.952896093064865527e-06 4.952900646828724814e-06 4.952901106750898978e-06
4.135435098417412209e-06 4.136122425272032695e-06 4.136258309276743414e-06 4.136273237160569398e-06 4.136274744677406523e-06
3.383840201264750880e-06 3.384194965965280847e-06 3.384264679190973561e-06 3.384272329240977314e-06 3.384273101700662777e-06
3.088408504028294585e-06 3.088512846209085385e-06 3.088533239651840272e-06 3.088535475350686666e-06 3.088535701075058941e-06
2.972906496134731395e-06 2.972923717087576753e-06 2.972927075695012990e-06 2.972927443750838878e-06 2.972927480909541117e-06
2.891543615693675622e-06 2.891586196102400657e-06 2.891594486670966232e-06 2.891595394924519521e-06 2.891595486618249681e-06
2.815278094375989364e-06 2.815286814770380478e-06 2.815288509524155525e-06 2.815288695126787845e-06 2.815288713863823677e-06
2.739268230357936564e-06 2.739292582026683400e-06 2.739297306946393240e-06 2.739297824249221147e-06 2.739297876470534951e-06
2.348763756035993066e-06 2.349386852645146944e-06 2.349506863016068350e-06 2.349519984847942005e-06 2.349521309296267794e-06
1.848653400683078366e-04 2.388447850729552319e-04 2.624946110884716520e-04 2.796085126240972882e-04 2.880797522742121119e-04
2.806463766632115355e-04 2.584487576302078003e-04 2.551265097359719071e-04 2.548124260810518283e-04 2.547814150202938870e-04
5.013042253121050562e-01 4.987162129715623227e-01 4.983097863446399600e-01 4.982668352973799175e-01 4.982625158252487196e-01
