1.000000000000000082e-05,8.896287109678871730e+01
1.336850000000000084e-05,7.696358029977585602e+01
1.773399999999999995e-05,6.684606645382720558e+01
2.346899999999999841e-05,5.813427546762311238e+01
3.122000000000000263e-05,5.043518830126734542e+01
4.097350000000000335e-05,4.405940346966529830e+01
5.640600000000000171e-05,3.759799277936096473e+01
7.360550000000000534e-05,3.295866330203066497e+01
9.881249999999999626e-05,2.850308948089072203e+01
1.337499999999999984e-04,2.456724912795087690e+01
1.796000000000000016e-04,2.127767553535855072e+01
2.416200000000000075e-04,1.843424339168605286e+01
3.342749999999999801e-04,1.578584539818758969e+01
4.514230000000000044e-04,1.370664367779694537e+01
6.287499999999999686e-04,1.177024042601937026e+01
8.918350000000000019e-04,1.007537789062442712e+01
1.281800000000000040e-03,8.638571055519816966e+00
1.876379999999999975e-03,7.428711710433780091e+00
2.703000000000000107e-03,6.513567611517853351e+00
4.241080000000000370e-03,5.658045321087026736e+00
7.246990000000000029e-03,4.956021456596227281e+00
1.480470000000000050e-02,4.405478333319694073e+00
2.417240000000000014e-02,4.200376415623210846e+00
2.529999999999999957e-02,4.186503951555979874e+00
1.262310000000000099e-01,3.922487935120060776e+00
1.925040000000000000e+05,3.489874203781861084e+00
2.600000000000000000e+05,3.431518870347421313e+00
3.168500000000000000e+05,3.535824559689259683e+00
3.450000000000000000e+05,3.772601305256834792e+00
3.600000000000000000e+05,4.035618416022350274e+00
3.725000000000000000e+05,4.445227491231358741e+00
3.800000000000000000e+05,4.790176797873599845e+00
3.900000000000000000e+05,5.535370259933733550e+00
4.000000000000000000e+05,6.796441120038666739e+00
4.062500000000000000e+05,8.049710900204074093e+00
4.112500000000000000e+05,9.377611054613106845e+00
4.175000000000000000e+05,1.152633211535118996e+01
4.262500000000000000e+05,1.488350518379770371e+01
4.300000000000000000e+05,1.605662682820759102e+01
4.350000000000000000e+05,1.655020540720911981e+01
4.400000000000000000e+05,1.575855729593198262e+01
4.562500000000000000e+05,1.011433047996981571e+01
4.625000000000000000e+05,8.476070697116419694e+00
4.687500000000000000e+05,7.251949878710900244e+00
4.750000000000000000e+05,6.348437202336373986e+00
4.850000000000000000e+05,5.384700276050942591e+00
4.977500000000000000e+05,4.636253866766423037e+00
5.150000000000000000e+05,4.051686775066557722e+00
5.350000000000000000e+05,3.657288486898601310e+00
5.700000000000000000e+05,3.286779446307470653e+00
6.300000000000000000e+05,2.988000650440664874e+00
7.300000000000000000e+05,2.760815133834845003e+00
7.800000000000000000e+05,2.720078518926999589e+00
8.400000000000000000e+05,2.787964427130294354e+00
8.700000000000000000e+05,2.942933104613568940e+00
8.900000000000000000e+05,3.139712618757557916e+00
9.100000000000000000e+05,3.451158340800359436e+00
9.250000000000000000e+05,3.861847322166336749e+00
9.400000000000000000e+05,4.458972452811842402e+00
9.550000000000000000e+05,5.374761407120935530e+00
9.800000000000000000e+05,7.363108411456961377e+00
9.900000000000000000e+05,7.967866322465978257e+00
1.000000000000000000e+06,8.151710453943790569e+00
1.010000000000000000e+06,7.868630680421760282e+00
1.050000000000000000e+06,5.272133646312949118e+00
1.070000000000000000e+06,4.383527931163432534e+00
1.090000000000000000e+06,3.801842570872427274e+00
1.120000000000000000e+06,3.267992482542453558e+00
1.155000000000000000e+06,2.917609421820206439e+00
1.200000000000000000e+06,2.688839748067116897e+00
1.220000000000000000e+06,2.658191967667306255e+00
1.245000000000000000e+06,2.733752921032720273e+00
1.260000000000000000e+06,2.899575133646016933e+00
1.270000000000000000e+06,3.138039212215170348e+00
1.280000000000000000e+06,3.574348240757508677e+00
1.287500000000000000e+06,4.140288805835840691e+00
1.295000000000000000e+06,4.949052538202693974e+00
1.305000000000000000e+06,6.284062738037334839e+00
1.310000000000000000e+06,6.694686359432473033e+00
1.315000000000000000e+06,6.677194034259969158e+00
1.321250000000000000e+06,6.111835561639550107e+00
1.331250000000000000e+06,4.918202533414066657e+00
1.340000000000000000e+06,4.075021449087874892e+00
1.350000000000000000e+06,3.469047997447338272e+00
1.360000000000000000e+06,3.091364741257449200e+00
1.375000000000000000e+06,2.759559593358130059e+00
1.395000000000000000e+06,2.504437297151112851e+00
1.450000000000000000e+06,2.194377668690862482e+00
1.525000000000000000e+06,2.009238784994113125e+00
1.620000000000000000e+06,1.880609339729379714e+00
1.630000000000000000e+06,1.903440230148316870e+00
1.640000000000000000e+06,2.071457395771203025e+00
1.642500000000000000e+06,2.237744873017267100e+00
1.644000000000000000e+06,2.427883876793332174e+00
1.645250000000000000e+06,2.717349010998588721e+00
1.646000000000000000e+06,2.976233427102286555e+00
1.647000000000000000e+06,3.545447731843433203e+00
1.648000000000000000e+06,4.537040221436495102e+00
1.648620000000000000e+06,5.509943264883495395e+00
1.650000000000000000e+06,8.321587580334472989e+00
1.650500000000000000e+06,8.822720827189394655e+00
1.651000000000000000e+06,8.557495910448674081e+00
1.651750000000000000e+06,7.146072185480016437e+00
1.652620000000000000e+06,5.433427582810613998e+00
1.653000000000000000e+06,4.780036315165224536e+00
1.654000000000000000e+06,3.680398467837869614e+00
1.655000000000000000e+06,3.053379970015803746e+00
1.656000000000000000e+06,2.682702657749662212e+00
1.657000000000000000e+06,2.451009561674434956e+00
1.658500000000000000e+06,2.243114346753317889e+00
1.660000000000000000e+06,2.115502773072698073e+00
1.665000000000000000e+06,1.930843281369861497e+00
1.675000000000000000e+06,1.826822011526831435e+00
1.685000000000000000e+06,1.790860086223412750e+00
1.687000000000000000e+06,1.855774218901067085e+00
1.689500000000000000e+06,1.973332034827395942e+00
1.690000000000000000e+06,1.980940200858728240e+00
1.692000000000000000e+06,1.901649416103899037e+00
1.694500000000000000e+06,1.778605673190644332e+00
1.810000000000000000e+06,1.574600642678392060e+00
1.820000000000000000e+06,1.571327223453197197e+00
1.823000000000000000e+06,1.645623201251027234e+00
1.824500000000000000e+06,1.727007214072026064e+00
1.826000000000000000e+06,1.860551088129946296e+00
1.828000000000000000e+06,2.255976580397012654e+00
1.830120000000000000e+06,3.185719811121327627e+00
1.832000000000000000e+06,4.366838794137925639e+00
1.833000000000000000e+06,4.707284641893377142e+00
1.834000000000000000e+06,4.636625741462823136e+00
1.837500000000000000e+06,3.336067109199126968e+00
1.839500000000000000e+06,2.844627596065659958e+00
1.842000000000000000e+06,2.486787273459148739e+00
1.845000000000000000e+06,2.256608597686014406e+00
1.850000000000000000e+06,2.058076087340393379e+00
1.858000000000000000e+06,1.935709325656070456e+00
1.865000000000000000e+06,1.907087574933236995e+00
1.875000000000000000e+06,1.954088393681946867e+00
1.882500000000000000e+06,2.095643967683686437e+00
1.887500000000000000e+06,2.273022787883222762e+00
1.891250000000000000e+06,2.466287634702518883e+00
1.900000000000000000e+06,3.062846369091539511e+00
1.905000000000000000e+06,3.177469837923403873e+00
1.911250000000000000e+06,2.875317936428859689e+00
1.920000000000000000e+06,2.349191875965151333e+00
1.927500000000000000e+06,2.084906953311867372e+00
1.937500000000000000e+06,1.887722679941967296e+00
1.955000000000000000e+06,1.731007402948375962e+00
1.990000000000000000e+06,1.601791485569554530e+00
2.150000000000000000e+06,1.338942688555789351e+00
2.210000000000000000e+06,1.186321865220538063e+00
2.245000000000000000e+06,1.032167554867350123e+00
2.265000000000000000e+06,9.004079526192264593e-01
2.282500000000000000e+06,7.504980107788761234e-01
2.305000000000000000e+06,5.035574138897149776e-01
2.324750000000000000e+06,2.705013643668903178e-01
2.332000000000000000e+06,1.999645572440169883e-01
2.337500000000000000e+06,1.578845568437221847e-01
2.342000000000000000e+06,1.327971243813602098e-01
2.346500000000000000e+06,1.171996559516096104e-01
2.350500000000000000e+06,1.115844294636606643e-01
2.351000000000000000e+06,1.114070773122131097e-01
2.354760000000000000e+06,1.144108653465888831e-01
2.359000000000000000e+06,1.256832623527551762e-01
2.364000000000000000e+06,1.491418160165819407e-01
2.370000000000000000e+06,1.895608575828256481e-01
2.378750000000000000e+06,2.661449697900999389e-01
2.410000000000000000e+06,5.754715864504558187e-01
2.430000000000000000e+06,7.322332438834611157e-01
2.455000000000000000e+06,8.669936247306835320e-01
2.485000000000000000e+06,9.667171601251044466e-01
2.540000000000000000e+06,1.053338009967812017e+00
2.625000000000000000e+06,1.088983216047868963e+00
2.700000000000000000e+06,1.092896103430583077e+00
2.750000000000000000e+06,1.091309669710630814e+00
2.870000000000000000e+06,1.112364527664975178e+00
2.883000000000000000e+06,1.148985548002515289e+00
2.886000000000000000e+06,1.198159558377480227e+00
2.887000000000000000e+06,1.252932454401238793e+00
2.888000000000000000e+06,1.412449624025465145e+00
2.888300000000000000e+06,1.540187761430831692e+00
2.888500000000000000e+06,1.702974379078757039e+00
2.888650000000000000e+06,1.906199574206656866e+00
2.888800000000000000e+06,2.195826862890244868e+00
2.889000000000000000e+06,2.563859207394128870e+00
2.889090000000000000e+06,2.586751537267889756e+00
2.889150000000000000e+06,2.517422433189040021e+00
2.889220000000000000e+06,2.354252199627075548e+00
2.889410000000000000e+06,1.703165939833415132e+00
2.889500000000000000e+06,1.434859612124817385e+00
2.889580000000000000e+06,1.259467269402126721e+00
2.889650000000000000e+06,1.152792225167364126e+00
2.889750000000000000e+06,1.058990082594683413e+00
2.889900000000000000e+06,9.964700725486266286e-01
2.890000000000000000e+06,9.815311159715151001e-01
2.893000000000000000e+06,1.042118574589077973e+00
2.900000000000000000e+06,1.085593617325488536e+00
3.000000000000000000e+06,1.206989244083334523e+00
3.005750000000000000e+06,1.246989445378660744e+00
3.006500000000000000e+06,1.304552400928893352e+00
3.006700000000000000e+06,1.390849713961752165e+00
3.006800000000000000e+06,1.498788239774080822e+00
3.006880000000000000e+06,1.625211670401291109e+00
3.006980000000000000e+06,1.783692916540549733e+00
3.007050000000000000e+06,1.835231076314413290e+00
3.007080000000000000e+06,1.831242342003842394e+00
3.007120000000000000e+06,1.799149517399977638e+00
3.007190000000000000e+06,1.679690684548529767e+00
3.007260000000000000e+06,1.517787098730474460e+00
3.007300000000000000e+06,1.426545787463103565e+00
3.007350000000000000e+06,1.328206911286557101e+00
3.007400000000000000e+06,1.253997301681918142e+00
3.007500000000000000e+06,1.174623162099958318e+00
3.008700000000000000e+06,1.190065422086011182e+00
3.027500000000000000e+06,1.255394830155462715e+00
3.080000000000000000e+06,1.427147105283709472e+00
3.120000000000000000e+06,1.644385130005040052e+00
3.165000000000000000e+06,2.010653669355545237e+00
3.204000000000000000e+06,2.448349783133041413e+00
3.208000000000000000e+06,2.589679563385268946e+00
3.209250000000000000e+06,2.764080001754706917e+00
3.210120000000000000e+06,3.056842460010040785e+00
3.210500000000000000e+06,3.337793043456352304e+00
3.211050000000000000e+06,4.080497567482360921e+00
3.211550000000000000e+06,4.974378579669995304e+00
3.211750000000000000e+06,5.115956986853563926e+00
3.211900000000000000e+06,5.038290412804819596e+00
3.212300000000000000e+06,4.369506641286715620e+00
3.212700000000000000e+06,3.679819713510422474e+00
3.213100000000000000e+06,3.239425235283299287e+00
3.213600000000000000e+06,2.951331371116019842e+00
3.214400000000000000e+06,2.752097344842098003e+00
3.216000000000000000e+06,2.633646261691894974e+00
3.218000000000000000e+06,2.605983652277454876e+00
3.275000000000000000e+06,3.055149332255707062e+00
3.318000000000000000e+06,3.184131044213414974e+00
3.327000000000000000e+06,3.190296201573529888e+00
3.430000000000000000e+06,3.053573811126071291e+00
3.438120000000000000e+06,3.109842582287536850e+00
3.438380000000000000e+06,3.175053102826298268e+00
3.438560000000000000e+06,3.315108030548730600e+00
3.439000000000000000e+06,3.852175829202213464e+00
3.439380000000000000e+06,3.990783198844505275e+00
3.439500000000000000e+06,3.969591167961107558e+00
3.440060000000000000e+06,3.684017173543319146e+00
3.440090000000000000e+06,3.679272222194564623e+00
3.440500000000000000e+06,3.798555315228151930e+00
3.441000000000000000e+06,4.315985009163461505e+00
3.441650000000000000e+06,5.413912530669121814e+00
3.441780000000000000e+06,5.473668270147938664e+00
3.442000000000000000e+06,5.287182978511202336e+00
3.442500000000000000e+06,4.334160071440731343e+00
3.443000000000000000e+06,3.707053495847041358e+00
3.443500000000000000e+06,3.414878098439836585e+00
3.444500000000000000e+06,3.204868129027337975e+00
3.450000000000000000e+06,3.057168115334390812e+00
3.500000000000000000e+06,3.013303927202986010e+00
3.630000000000000000e+06,3.084242951556264156e+00
3.645400000000000000e+06,3.082988287093447966e+00
3.646400000000000000e+06,3.097644102547862044e+00
3.720000000000000000e+06,2.996162984407320984e+00
3.740000000000000000e+06,3.072782816008727380e+00
3.745000000000000000e+06,3.174068826313665603e+00
3.750000000000000000e+06,3.408012055856345590e+00
3.755000000000000000e+06,3.999728858098462680e+00
3.761500000000000000e+06,5.726807795907957299e+00
3.763000000000000000e+06,5.872228115237184909e+00
3.764500000000000000e+06,5.664436009046479370e+00
3.769500000000000000e+06,4.210541064542733025e+00
3.772000000000000000e+06,3.725969799790158632e+00
3.775000000000000000e+06,3.378731594811387851e+00
3.780000000000000000e+06,3.064080247385513545e+00
3.787500000000000000e+06,2.857568106991243528e+00
3.805000000000000000e+06,2.654200410119031517e+00
3.860000000000000000e+06,2.366429338231968771e+00
3.920000000000000000e+06,2.192605212307809914e+00
4.000000000000000000e+06,2.068211439194614254e+00
4.020000000000000000e+06,1.938464291937940454e+00
4.035000000000000000e+06,1.744536704202727107e+00
4.060000000000000000e+06,1.349527919849567770e+00
4.070000000000000000e+06,1.247225672657672479e+00
4.085000000000000000e+06,1.176785941705714489e+00
4.100000000000000000e+06,1.155348298814901087e+00
4.120000000000000000e+06,1.189237607747069880e+00
4.130000000000000000e+06,1.252885287179775542e+00
4.140000000000000000e+06,1.373325122589145186e+00
4.153750000000000000e+06,1.656828378397306567e+00
4.172500000000000000e+06,2.091436761129723543e+00
4.182500000000000000e+06,2.217371217070877698e+00
4.190000000000000000e+06,2.243034038908378047e+00
4.207500000000000000e+06,2.131900211438147341e+00
4.265000000000000000e+06,1.468911295251669857e+00
4.275000000000000000e+06,1.408752928823150841e+00
4.280000000000000000e+06,1.418402559753447312e+00
4.285000000000000000e+06,1.480613893072619369e+00
4.290000000000000000e+06,1.619239171113102449e+00
4.296250000000000000e+06,1.912203873147030331e+00
4.310000000000000000e+06,2.663081015098359039e+00
4.317500000000000000e+06,2.915029422496354439e+00
4.326500000000000000e+06,3.030562072400591944e+00
4.327000000000000000e+06,3.030790811816848063e+00
4.340000000000000000e+06,2.896880203287195865e+00
4.370000000000000000e+06,2.394379938822824627e+00
4.400000000000000000e+06,2.074051981997188765e+00
4.430000000000000000e+06,1.896598647980744623e+00
4.445000000000000000e+06,1.863106323539750475e+00
4.460000000000000000e+06,1.885541260477908709e+00
4.464000000000000000e+06,1.832208335438983093e+00
4.467000000000000000e+06,1.683677898330540046e+00
4.471000000000000000e+06,1.417415447914694759e+00
4.472000000000000000e+06,1.365052708147724170e+00
4.475000000000000000e+06,1.295773350134038937e+00
4.495000000000000000e+06,1.344202732996198524e+00
4.520000000000000000e+06,1.312926404353768728e+00
4.524500000000000000e+06,1.359772606123426764e+00
4.527000000000000000e+06,1.464570759940949873e+00
4.528500000000000000e+06,1.611256024351489957e+00
4.529750000000000000e+06,1.820843128616948858e+00
4.531000000000000000e+06,2.146816583978305104e+00
4.533000000000000000e+06,2.811161434341916010e+00
4.534000000000000000e+06,2.994311550906941566e+00
4.535000000000000000e+06,2.972448274131645807e+00
4.539000000000000000e+06,2.229615966645563496e+00
4.540000000000000000e+06,2.097144025596016981e+00
4.545000000000000000e+06,1.734576811249908479e+00
4.550000000000000000e+06,1.586381139057721157e+00
4.560000000000000000e+06,1.460513856482874129e+00
4.582500000000000000e+06,1.355075257671309874e+00
4.591000000000000000e+06,1.340246924373045490e+00
4.597500000000000000e+06,1.374150859266543900e+00
4.601500000000000000e+06,1.460174944521823059e+00
4.605000000000000000e+06,1.379140876816130623e+00
4.610000000000000000e+06,1.318497637765569053e+00
4.615000000000000000e+06,1.307851998358263934e+00
4.622500000000000000e+06,1.337213515905657069e+00
4.627500000000000000e+06,1.403920202115968685e+00
4.630500000000000000e+06,1.514255579126901674e+00
4.632500000000000000e+06,1.657663572764933813e+00
4.634500000000000000e+06,1.901696984431424653e+00
4.637000000000000000e+06,2.293800021951476253e+00
4.638000000000000000e+06,2.351655666309997894e+00
4.639000000000000000e+06,2.281738407052996465e+00
4.641880000000000000e+06,1.857782091162281324e+00
4.645000000000000000e+06,1.438155438585286605e+00
4.650000000000000000e+06,1.255107527588451344e+00
4.657500000000000000e+06,1.179325125494645965e+00
4.685000000000000000e+06,1.097177669035098280e+00
4.762500000000000000e+06,9.651581834522428016e-01
4.770000000000000000e+06,9.613361721888814548e-01
4.787500000000000000e+06,9.860065641389613722e-01
4.797500000000000000e+06,1.044839635471174200e+00
4.805000000000000000e+06,1.130299628101980591e+00
4.812500000000000000e+06,1.280994306676609629e+00
4.821250000000000000e+06,1.540283632723692397e+00
4.833000000000000000e+06,1.926260847732618853e+00
4.840000000000000000e+06,2.034412541030570232e+00
4.842000000000000000e+06,2.039239719126857420e+00
4.852500000000000000e+06,1.929725590563163617e+00
4.875000000000000000e+06,1.559463292716767757e+00
4.895000000000000000e+06,1.346177182688558460e+00
4.920000000000000000e+06,1.190535832101456748e+00
4.955000000000000000e+06,1.076572813229216274e+00
4.980000000000000000e+06,1.044107143219452416e+00
5.005000000000000000e+06,1.074028113251680017e+00
5.025000000000000000e+06,1.170166600232102949e+00
5.045000000000000000e+06,1.350296702251276848e+00
5.075000000000000000e+06,1.652125557835187442e+00
5.102000000000000000e+06,1.872010987933882431e+00
5.110000000000000000e+06,2.036594177589987620e+00
5.116000000000000000e+06,2.281049241106204217e+00
5.121500000000000000e+06,2.673640327834818198e+00
5.129500000000000000e+06,3.432906687427894621e+00
5.132000000000000000e+06,3.528331000491067293e+00
5.135000000000000000e+06,3.425650174986407670e+00
5.141250000000000000e+06,2.772106914478600359e+00
5.146000000000000000e+06,2.306994306807093054e+00
5.150000000000000000e+06,2.031993346198674111e+00
5.155000000000000000e+06,1.801225605539996222e+00
5.162500000000000000e+06,1.595952251222740204e+00
5.170000000000000000e+06,1.467350671729997336e+00
5.185000000000000000e+06,1.327217556735148740e+00
5.210000000000000000e+06,1.197997909760098567e+00
5.260000000000000000e+06,1.062224948012217007e+00
5.300000000000000000e+06,1.000837080539912716e+00
5.310000000000000000e+06,1.126106725244575113e+00
5.320000000000000000e+06,9.377635021256779391e-01
5.330000000000000000e+06,9.753273960774041518e-01
5.340000000000000000e+06,1.622760638119922438e+00
5.352190000000000000e+06,1.187167010523141109e+00
5.355000000000000000e+06,1.072262229744028295e+00
5.360000000000000000e+06,9.991853348869357276e-01
5.368000000000000000e+06,9.532809824574103308e-01
5.371000000000000000e+06,9.738842570693685419e-01
5.372500000000000000e+06,1.028134091506566650e+00
5.374000000000000000e+06,1.107866052677846769e+00
5.375000000000000000e+06,1.127550535229907558e+00
5.380000000000000000e+06,1.009402618640664384e+00
5.387500000000000000e+06,9.550249389959620805e-01
5.410000000000000000e+06,9.141343317175588679e-01
5.440000000000000000e+06,9.021213495859802256e-01
5.480000000000000000e+06,9.319356458535309473e-01
5.510000000000000000e+06,1.007703700566994209e+00
5.540000000000000000e+06,1.157549699393112252e+00
5.575000000000000000e+06,1.437282793376046142e+00
5.610000000000000000e+06,1.718341931947434897e+00
5.635000000000000000e+06,1.804253497738633305e+00
5.640000000000000000e+06,1.806772055255416953e+00
5.687500000000000000e+06,1.704361920008202969e+00
5.710000000000000000e+06,1.560110296625933479e+00
5.770000000000000000e+06,1.325611687134834460e+00
5.830000000000000000e+06,1.172320229719295615e+00
5.865000000000000000e+06,1.129316734282331813e+00
5.885000000000000000e+06,1.156566437989080987e+00
5.895000000000000000e+06,1.222238064988766304e+00
5.900000000000000000e+06,1.288708408347861489e+00
5.906500000000000000e+06,1.445174067257582129e+00
5.911000000000000000e+06,1.631207548677859887e+00
5.916000000000000000e+06,1.951172175820552024e+00
5.923000000000000000e+06,2.507588033544696504e+00
5.926000000000000000e+06,2.599429468083436667e+00
5.929000000000000000e+06,2.507164275773503093e+00
5.939380000000000000e+06,1.693588290166873955e+00
5.945000000000000000e+06,1.395328609631456329e+00
5.951250000000000000e+06,1.197470588700777494e+00
5.957500000000000000e+06,1.065487363584794789e+00
5.970000000000000000e+06,8.812587429045621867e-01
5.981000000000000000e+06,7.607238342371059892e-01
5.982000000000000000e+06,7.561046031833781322e-01
5.985000000000000000e+06,7.728059133091772503e-01
5.986500000000000000e+06,8.122387091099161349e-01
5.988000000000000000e+06,8.747747444389988303e-01
5.990250000000000000e+06,1.044229058232595264e+00
5.995000000000000000e+06,1.534225191988499049e+00
5.997000000000000000e+06,1.647455956378402586e+00
5.999000000000000000e+06,1.674346303653048817e+00
6.004500000000000000e+06,1.557087020149166223e+00
6.013500000000000000e+06,1.353981526260880086e+00
6.025000000000000000e+06,1.214681305946364365e+00
6.042500000000000000e+06,1.116898349220388553e+00
6.058000000000000000e+06,1.086050114076601902e+00
6.067000000000000000e+06,1.115195736737424559e+00
6.071500000000000000e+06,1.184920971549600743e+00
6.074000000000000000e+06,1.278591923237451855e+00
6.076000000000000000e+06,1.415187248479613746e+00
6.079000000000000000e+06,1.685617563205658032e+00
6.080000000000000000e+06,1.698119972732967886e+00
6.082500000000000000e+06,1.466832482234770030e+00
6.084500000000000000e+06,1.257913163588241456e+00
6.086000000000000000e+06,1.159989264006229925e+00
6.089000000000000000e+06,1.062616651292780601e+00
6.094000000000000000e+06,9.992117688355079963e-01
6.106000000000000000e+06,9.586431271269322263e-01
6.150000000000000000e+06,9.219214420895580631e-01
6.300000000000000000e+06,8.945687645436557478e-01
6.328000000000000000e+06,9.226216195748790927e-01
6.354000000000000000e+06,1.005733702916986605e+00
6.368000000000000000e+06,1.114053597365689097e+00
6.380000000000000000e+06,1.259721612644066679e+00
6.395000000000000000e+06,1.508307857421631315e+00
6.402000000000000000e+06,1.546984731782586886e+00
6.407000000000000000e+06,1.506561238884987386e+00
6.425000000000000000e+06,1.135677660016074064e+00
6.440000000000000000e+06,9.006273161065576627e-01
6.450000000000000000e+06,8.049299240081156936e-01
6.467000000000000000e+06,7.160486333050191110e-01
6.494000000000000000e+06,6.411223261163585541e-01
6.498000000000000000e+06,6.381597733031354469e-01
6.516600000000000000e+06,6.754067779246024639e-01
6.556000000000000000e+06,8.106060091626151598e-01
6.597000000000000000e+06,9.658851590818193777e-01
6.642000000000000000e+06,1.011425273032620087e+00
6.648000000000000000e+06,1.010762534970137905e+00
6.663500000000000000e+06,1.047293784938968297e+00
6.675000000000000000e+06,1.113225309484664471e+00
6.685000000000000000e+06,1.048780563312698089e+00
6.705000000000000000e+06,1.007769914864208305e+00
6.710000000000000000e+06,1.005118502676534131e+00
6.740000000000000000e+06,1.045873482190825543e+00
6.775000000000000000e+06,1.171548741443469321e+00
6.792500000000000000e+06,1.298497934550608690e+00
6.810000000000000000e+06,1.530787817727315980e+00
6.820000000000000000e+06,1.589014178126145538e+00
6.840000000000000000e+06,1.161536368193612834e+00
6.850000000000000000e+06,1.020547704312920079e+00
6.860000000000000000e+06,9.573532932838241249e-01
6.880000000000000000e+06,8.906759797014599522e-01
6.925000000000000000e+06,8.415433907812306380e-01
6.940000000000000000e+06,8.410031383535928606e-01
6.977500000000000000e+06,8.700556877955318846e-01
7.057500000000000000e+06,1.038673835430042214e+00
7.060000000000000000e+06,1.040739809669235294e+00
7.100000000000000000e+06,1.020654169279501478e+00
7.140000000000000000e+06,1.061108181694254471e+00
7.160000000000000000e+06,1.126103126143852551e+00
7.172500000000000000e+06,1.230105459543497037e+00
7.180000000000000000e+06,1.343737526222775314e+00
7.200000000000000000e+06,1.830135787603551778e+00
7.210000000000000000e+06,1.759652218968834614e+00
7.235000000000000000e+06,1.480544637798735907e+00
7.250000000000000000e+06,1.361288057378324590e+00
7.280000000000000000e+06,1.298904546401023152e+00
7.300000000000000000e+06,1.300769190976144962e+00
7.322500000000000000e+06,1.370159951690782307e+00
7.330000000000000000e+06,1.392876626373133142e+00
7.360000000000000000e+06,1.295907524763534768e+00
7.370000000000000000e+06,1.193778453051765442e+00
7.380000000000000000e+06,1.313359472626262514e+00
7.500000000000000000e+06,1.123924336560230719e+00
7.520000000000000000e+06,1.134416818966534013e+00
7.550000000000000000e+06,1.122263169368856950e+00
7.568000000000000000e+06,1.122545812530457487e+00
7.600000000000000000e+06,1.113327188132342993e+00
7.660000000000000000e+06,1.186018285435106678e+00
7.825000000000000000e+06,1.445779666307722477e+00
7.860000000000000000e+06,1.473984630360535730e+00
7.880000000000000000e+06,1.430712741894241802e+00
7.940000000000000000e+06,1.106494653307586784e+00
7.967500000000000000e+06,9.595554806360303557e-01
7.990000000000000000e+06,8.858308003042306700e-01
8.000000000000000000e+06,8.619259436799446839e-01
8.020000000000000000e+06,8.492507123221605392e-01
8.050000000000000000e+06,8.744359619888270041e-01
8.100000000000000000e+06,9.893602223258545214e-01
8.175000000000000000e+06,1.226219805799044993e+00
8.250000000000000000e+06,1.351590013011004343e+00
8.275000000000000000e+06,1.356432398848470333e+00
8.360000000000000000e+06,1.291596220682175389e+00
8.520000000000000000e+06,1.122947133161192657e+00
8.540000000000000000e+06,1.118137376620052637e+00
8.587500000000000000e+06,1.139819288269576125e+00
8.660000000000000000e+06,1.268500171180344527e+00
8.732500000000000000e+06,1.414734315473554327e+00
8.750000000000000000e+06,1.427855364311437114e+00
8.790000000000000000e+06,1.388712160909749693e+00
8.910000000000000000e+06,1.131080006339772348e+00
8.920000000000000000e+06,1.119179291603382254e+00
8.955000000000000000e+06,1.147346590435353919e+00
9.000000000000000000e+06,1.203358134701866922e+00
9.050000000000000000e+06,1.369840867336239221e+00
9.080000000000000000e+06,1.273408447288921552e+00
9.200000000000000000e+06,1.108237659097835559e+00
9.250000000000000000e+06,1.090606091487553275e+00
9.312500000000000000e+06,1.116687092607357101e+00
9.400000000000000000e+06,1.210994707346951804e+00
9.431000000000000000e+06,1.196217597592156290e+00
9.650000000000000000e+06,1.235914779212873960e+00
9.800000000000000000e+06,1.322475470358249305e+00
9.925000000000000000e+06,1.275335683655337116e+00
1.017600000000000000e+07,1.422005357784532853e+00
1.020200000000000000e+07,1.430055777524549043e+00
1.032500000000000000e+07,1.380775256856841660e+00
1.046550000000000000e+07,1.286177211000895992e+00
1.066900000000000000e+07,1.209763813045319880e+00
1.071000000000000000e+07,1.226725951491015598e+00
1.072500000000000000e+07,1.172573854053823528e+00
1.073000000000000000e+07,1.145796310091679038e+00
1.079000000000000000e+07,1.258581610132916140e+00
1.085500000000000000e+07,1.319654277043891710e+00
1.086000000000000000e+07,1.319816787229835642e+00
1.088000000000000000e+07,1.317417205721920892e+00
1.093000000000000000e+07,1.347519936350449310e+00
1.097000000000000000e+07,1.495107178064582598e+00
1.102500000000000000e+07,1.544519769617502147e+00
1.115000000000000000e+07,1.708955466156155678e+00
1.140000000000000000e+07,1.628681194875591043e+00
1.157500000000000000e+07,1.739589492720759134e+00
1.160000000000000000e+07,1.744900347089356707e+00
1.175000000000000000e+07,1.699534212447003201e+00
1.179600000000000000e+07,1.739608291333017531e+00
1.195000000000000000e+07,1.665620678518052733e+00
1.197000000000000000e+07,1.668259541478245733e+00
1.218050000000000000e+07,1.481420500933544382e+00
1.220000000000000000e+07,1.476058087451582956e+00
1.246500000000000000e+07,1.532507411968314193e+00
1.258000000000000000e+07,1.542506510223162319e+00
1.270000000000000000e+07,1.536859096035159800e+00
1.289240000000000000e+07,1.659589200019882194e+00
1.305000000000000000e+07,1.557161535701115929e+00
1.320000000000000000e+07,1.579276649254089726e+00
1.330000000000000000e+07,1.571373305892688865e+00
1.360000000000000000e+07,1.615384712494076336e+00
1.360100000000000000e+07,1.615423500391564016e+00
1.374000000000000000e+07,1.646690560974236162e+00
1.377000000000000000e+07,1.630864095005668313e+00
1.381000000000000000e+07,1.645296953368134529e+00
1.405000000000000000e+07,1.588731398692526220e+00
1.450000000000000000e+07,1.658469765298604237e+00
1.492500000000000000e+07,1.762927517041372294e+00
1.500000000000000000e+07,1.765866838033860242e+00
1.530250000000000000e+07,1.603261593610324276e+00
1.539210000000000000e+07,1.580714296321072743e+00
1.570000000000000000e+07,1.626229883655186059e+00
1.595000000000000000e+07,1.573653856897032854e+00
1.610000000000000000e+07,1.547245426274466595e+00
1.640000000000000000e+07,1.588101681362183548e+00
1.665160000000000000e+07,1.538196574126872163e+00
1.702500000000000000e+07,1.614896440837029878e+00
1.730000000000000000e+07,1.662991400087886484e+00
1.840000000000000000e+07,1.587639118757956824e+00
1.900000000000000000e+07,1.690697949988013038e+00
1.963940000000000000e+07,1.634129069386219379e+00
2.022500000000000000e+07,1.671502096189239284e+00
2.065000000000000000e+07,1.705637326101347551e+00
2.485000000000000000e+07,1.628252996518754436e+00
2.600000000000000000e+07,1.631537336472145716e+00
3.050000000000000000e+07,1.561159710891198760e+00
5.800000000000000000e+07,1.080080821029821836e+00
7.150000000000000000e+07,8.954649553042844934e-01
8.450000000000000000e+07,7.697063367944264600e-01
1.020000000000000000e+08,6.231288189752467455e-01
1.140000000000000000e+08,5.570836481913110649e-01
1.380000000000000000e+08,4.765981836687854245e-01
1.500000000000000000e+08,2.215004468810067295e-01
